1.3314471778063879     95065314483.37025
1.3578095661313272     39217461756.9715
1.3845487514971966     19313436763.828648
1.4255484378225307     7511237151.819945
1.4677622195540094     2921214087.414245
1.5255004632293665     1438845946.9687834
1.5702349700042557     897415109.3806396
1.6320042457887374     442022410.62853676
1.712464388401824     217736188.25242496
1.796954131556544     101105794.64999723
1.9035562009482176     52837065.012969874
1.9782301123373816     31067927.61766319
2.075469523371429     19380375.85671628
2.17726042301283     14432274.942107052
2.284123458862579     10131330.812050369
2.396063998919931     8003500.763211547
2.5867452736958     5297574.148528189
2.8192744917147747     3720063.9785817955
3.1020550949851704     2771405.5701449052
3.380670534939338     2190056.112569475
3.8276365382813267     1731219.2058462114
4.292245492559683     1539909.707794812
4.9058073276041325     1453282.9531483834
5.501095329974236     1371305.6667047602
5.994764906224325     1219470.2765554993
6.8524144927295385     964058.646336377
7.46761274570391     808164.0111675654
8.374051931879904     718857.3244131863
9.66352480716992     602908.2801941226
12.267942628647962     506073.9127129096
14.990048871936075     477877.7194237818
17.296468108910297     478462.6226324154
19.210439919852536     478892.00659562915
10.940396272414738     536327.245074473
