0.5534697923619609     83767764006.8289
0.5805132739234622     49238826317.067116
0.6088781462908577     28942661247.1674
0.632564728745948     19144819761.699535
0.6634729243049019     11253355826.007599
0.6958913472118212     7443803013.251666
0.7368911062284556     4375479375.0741625
0.7803064438352779     2894266124.71674
0.8421983081271064     1804721766.8271666
0.9353937744930703     1125335582.60076
1.0290368784804031     789652286.8499701
1.1873688065508172     492388263.17067313
1.3570526113663988     345510729.4592204
1.521669872050256     257191380.90593365
1.8067833399406465     203091762.09047306
2.104768909141515     151177507.061566
2.428617477153146     94266845.51178816
2.621249057348653     62355073.412738994
2.967397255012593     32570206.556597695
3.2957616893807526     17012542.79852582
3.6955540457186427     11937766.417144334
4.387985596808988     8376776.40068289
4.387985596808988     8376776.40068289
5.3614439233423585     6235507.341273887
6.245685483422376     4641588.833612763
7.27576147686626     3888155.1803080775
8.475723795051547     3455107.294592204
10.25769363126205     3257020.655659776
12.8972535427494     3455107.294592204
15.758461396241794     3888155.1803080775
18.71110550113274     4124626.3829013393
22.42997188850247     4641588.833612763
25.635381152203497     4923882.631706721
27.405977943456392     4124626.3829013393
29.863322308984078     2894266.12471674
33.485892482202495     2154434.6900318777
38.63817227969146     1511775.07061566
43.74052364082925     1193776.6417144332
50.95447372888167     942668.4551178815
61.08176843228552     837677.640068289
72.52658648545622     789652.2868499701
83.68583112940468     789652.2868499701
99.36594543333453     789652.2868499701
