5.82708917028047     42384408.86024054
6.222684942363129     45246594.087665066
6.572787683949164     48297105.5681161
6.942588020833914     45293034.24645273
7.333194185585895     45316272.197243415
7.745776762517936     42497608.177710615
8.181572195741511     42519411.91296434
8.641886494592297     42541226.8347977
9.128099147531643     39895170.14010503
9.747797477931663     39919733.640628085
10.296231257410994     37436733.35339316
11.1162625482161     35115379.14212899
12.001604271653102     32937966.05209683
12.957458000708764     30895568.66972529
13.989439581564005     25460721.67788686
14.776518020553377     19662723.464190118
15.437946814850164     16198862.940285133
16.128982587551217     10989755.76724839
16.486014951637863     8484521.336547544
16.667484024870582     6549710.420954893
16.85095061082159     5056113.939342291
16.85095061082159     3902716.93552099
16.667484024870582     3213550.6648018854