25.544065305826802     1303612.1234716552
26.68747272381056     1006646.06541181
28.18897206905306     777409.3547276949
29.774949263026176     640523.6561673004
31.45015722616818     527740.6962174164
33.21961628928637     463893.67076184833
35.08862923868676     382211.59581148496
36.659271909618404     335936.48065226356
38.30021993169302     315008.9747452363
40.01462032395626     295385.16917655367
42.265936019463965     295536.7188825912
44.64391597717894     295688.34634240845
46.64227387694934     295809.7043197907
48.730082583356385     295931.1121055569
50.91134610729754     315850.2935673458
54.36767098624468     337179.41124613903
58.05864261060785     359948.8671808124
61.32515700736899     384216.50928406086
64.77545310870438     410120.2683665447
69.17299957413948     467093.0934957144
74.68220218541668     532035.009264268
80.63017879231299     606006.0725034609
86.10408813202069     690190.836483713
91.94961618705483     838636.6764513741
96.06547918577084     1018801.1111145671
101.47034669010937     1320571.6518629838
108.35907603152717     1826381.6393474054
104.8581566304643     1503559.1796606225
111.97688130057197     2366873.1792860827
114.45560991452993     3067000.819447302
115.71547492850719     3973820.477806599
115.71547492850719     4825536.365438873
115.71547492850719     6251660.595733577
115.71547492850719     7591589.9365804