5.891230594055541      66686485.69829148
6.087922240615275      48262436.015030295
6.360430761349439      37268134.01545949
6.645137350806838      28778361.137048796
6.942588020833914      23708655.037237633
7.253353223944164      18307764.92464864
7.661443762500402      14138661.249080641
8.271630486256424      12430690.548287226
8.833183939957147      11658699.770711442
9.536692539085424      10250311.998565273
10.296231257410994      8447177.124229807
11.238624311708008      7427507.840351971
12.13371139462197      6966947.447925638
12.13371139462197      6966947.447925638
13.10008664090703      6534945.204427729
13.989439581564005      6129101.505706066
14.939169882671814      5748462.166415066
15.953376508194426      5391461.904806322
16.667484024870582      5754362.267874105
17.2239645130334      6551726.442672828
17.60523547886476      7458813.700341555
