28.18897206905306     652403.2698070635
29.130122689889923     742963.9507594935
30.43404976538168     902911.4517823379
32.14634025720587     963542.705083419
33.9549681983999     963542.705083419
35.86535375814385     963542.705083419
37.88322205695425     1028245.3973607178
40.01462032395626     1097292.929120319
42.73117642239125     1170977.059939182
45.63215703807017     1249609.1412919867
48.730082583356385     1333521.432163324
52.03832346999563     1423068.5030043342
56.18285485236129     1518628.733966214
59.343833062913625     1729430.9457677861
64.07020320857995     1969494.8009891894
68.41987090116669     2393493.531174794
73.06483356846017     2725736.507367306
77.17563120368986     3104098.4280196675
82.41501445660141     3534981.105030102
82.41501445660141     3534981.105030102
88.9788618486191     4296002.40806175
96.06547918577084     5220858.652910746
102.58727699913028     5945570.708544383
109.5518337210888     5945570.708544383
114.45560991452993     5220858.652910746
118.27696133044672     4296002.40806175
120.8951489868329     3534981.105030102
123.57129304087192     3104098.4280196675