29.29355985757924     876201.7659215723
31.970309117805268     935809.0035255139
34.51236203569683     999368.4929270613
37.66598829337412     1000190.9992903115
40.6609213449634     1068123.268566862
44.37638275216001     1217391.5351582076
48.963608606812045     1387662.4623247304
53.437742298773365     1581585.7448340668
58.9616488879203     1923854.0019167229
65.77153454316323     2193160.0931054014
72.57039612324216     3038094.7685366254
79.20164050192557     3462662.93701044
87.38878398927076     4494851.97470176
94.33732216299774     5466450.76655205
102.95755673125127     6648752.230747668
109.93582516082056     6234222.65613092
113.60037024778144     5476015.635115746
113.60037024778144     4222420.230283545
112.36548001387516     2858656.373443485
105.23298721084964     2064262.651945263
99.63632980336317     1396969.1354454483
91.29416860904882     1008557.0975303613
84.56977786873735     777113.8274649776
74.174250143267     560815.064821833
65.05656657695663     431897.3232549532
57.68673370625644     378824.1239725983
51.713936156485936     332306.93428099615
46.35955307185399     331965.3789350918
40.6609213449634     353820.23482368875
35.66277962297844     402437.4108821649
31.970309117805268     521380.7124852168
6.34183867082982     48568151.21999904
6.84609683857466     51866865.894778416
7.553783911600738     48648129.83184649
8.334625222017435     42757911.724144354
9.196182787914632     40104455.99536814
10.146800319866912     40141590.796209134
11.195684025175666     37650497.80861017
12.48875044176457     33095254.162687484
13.629931427232647     27254962.576360006
14.553742395514686     21028598.580631163
15.71095308079254     12511705.30717061
16.413071953751285     6973694.097097693
14.71368719661187     6966526.318595799
13.190254178484834     7426693.103520323
11.954506309432556     7918069.956099352
10.71675472590077     8441089.984715298
9.399424543798562     9600950.042229645
8.426222279126677     12438580.604570994
7.636799567123429     16116550.778432826
7.074301161396237     20886357.103505917
6.6252539797007275     30828299.621026203
