1.8083268025356023     2886328.1896376023
1.843357534937168     2484862.887118473
1.8790435441705262     2204175.8077911274
1.9227846308216063     1897498.218887338
1.9674950715682096     1734166.0848435552
2.02875558263702     1492734.9026963946
2.0999402661494164     1284852.024877994
2.173595674508214     1139490.2725853773
2.241245561991712     1010624.2249219139
2.3286896583229906     951480.3109755187
2.419605555460805     843792.656564669
2.5333769135244713     748218.6524621039
2.6933922007321076     663338.2288252942
2.863550069250894     570761.196936784
2.9867500400749356     506137.83424769447
3.1271500496297677     462432.8467644819
3.2491584608540975     435370.2770965736
3.414930528815781     397756.30743135524
3.494207602213176     397637.7757562187
3.561897054859132     342329.5226926453
3.630852690854244     303660.39757099765
3.7152807757743496     277522.0327144874
3.8017664875346786     238909.05658086055
3.9200907362146653     211890.6022655557
4.042147845991925     182391.12177291152
4.216159944183934     152350.502405422
4.414516049349786     127251.38380997862
4.604558380683945     106292.52162489155
4.784446788515314     88790.08662247253
5.048007924980107     74154.91754174129
5.22500192407858     67761.73981373286
5.38748841818464     63802.514705496294
5.533889706372067     58307.64951771325
5.771977057345764     51705.87560148671
6.089787084494174     45844.74270552234
6.400488027709358     41883.96988259307
6.778614777888549     39423.036685904684
7.179169578814376     36013.491374597696
7.66178122205474     32895.556110794314
8.208171467158047     30046.069363281098
8.726406168201134     28279.27868619529
9.171513522147023     26620.346848012174
9.71322573675505     25816.836737571928
10.286933992446919     25037.579823427957
10.852802318786683     25020.17377476843
11.493819263767088     24264.9633822149
12.172546482448377     24246.88997954259
13.140104493698507     24958.108037090817
14.07664999513175     24935.80208138835
14.907897231606412     24917.229014333803
