23.287340916863375     896833.5973560904
23.688440192506324     622594.7193054145
24.096447969617735     470201.8807359205
24.511483239667946     317382.37320184015
25.147478040209535     239704.84191970679
25.580616167150865     181032.1610467476
26.244351556718385     140619.27716320203
26.696382144353887     109224.21000552124
27.38906810183212     82492.20562897513
28.09972705029813     62302.70733191046
29.076038060560574     44486.245373347505
30.34426607382844     30030.973948014227
31.939368773102995     21444.62221176822
33.618321008070474     14889.230738829616
36.303672124581844     9240.40179745598
38.539717689841524     6598.647253336099
41.61817820854513     4712.475639054275
44.94253879432975     3365.451401793371
48.94861638765241     2542.393954916733
52.40909675402814     2148.7837452489807
57.5702048816161     1669.561533117732
62.70188444414974     1411.1800931244402
68.87659886326267     1192.8271820051582
76.96253378235097     1037.04567251048
88.22910352824127     901.7028926171891
101.14498999488795     829.3145521083236
115.9516371804839     806.7990036103985
132.92583414674405     784.8947429801141
152.38488919397238     785.3307618829697
180.76216745985334     808.2565218648147
210.79320790543662     855.4818486337332
239.59670462655512     905.3722058344179
274.67134225730825     985.493383470094
274.67134225730825     985.493383470094
328.61491284933356     1103.4451782244855
376.72095423340335     1201.0948813698055
431.8692542830347     1344.6182238707347
499.33622984544866     1505.3439595222467
572.4342190061657     1685.223168097192
645.1215250520256     1886.4658568884722
727.038615560067     2111.740152032321
862.4285299598283     2431.7424358490216
1031.8035870885876     2880.0820867227294
1223.9471628815684     3410.9635933491413
1427.2884221078193     3927.570880690109
1693.079610027165     4784.002208411856
2042.958665226452     5666.223985108218
2382.3669339267954     6710.205297482632
2778.1630164497888     7726.499040105016
3212.169962951194     9149.761000344153
3843.018145823212     10836.699794517855
4519.910027009885     12833.768058729902
5181.581090341404     14776.479817914782
5889.609851936094     17012.67906913188
6986.3793448293345     20148.602429653067
8147.066028448306     23860.909684414262
9830.67721116993     29065.947549239834
92931.2654654654     283000
