21.926430050585136     90955.94731533744
22.756817457602008     69560.49790121269
23.39983385557313     55855.56243596758
24.285540361560045     41687.39516267354
24.970763279121     31880.271038296363
24.970763279121     31880.271038296363
25.91593099408362     23793.609780407452
27.403896244740363     17331.417453605336
29.248847963552713     12320.516512817796
31.510563254710497     8547.6126100644
33.63399219083815     6537.616112691693
36.577260395694715     4880.107827581418
39.40799846758488     3642.714094052327
43.26244769367658     2997.936475422527
47.93707667876641     2293.2655587625595
53.12102031216415     1934.0124881158815
58.32134360199013     1754.8080456891214
65.2377742571678     1553.9440514259327
74.35299285921255     1410.1426870681394
83.17558644816152     1343.5337267045038
98.41257562469137     1280.3246114040503
112.17418445008695     1312.5444764128736
130.27555953161357     1378.890829546207
149.89026312275368     1448.54303856733
174.0778236310358     1521.7638319900964
202.16849346178756     1598.685781986546
228.30396144153366     1720.79531170999
265.15552151398     1898.1545494612117
307.95545616213747     2093.79388072596
385.45825025292584     2485.59697076681
477.9867273978885     3023.475208293168
603.9116843163979     3677.992013757773
763.0114008380722     4474.1975115789555
902.9309915421998     5182.42085715631
1058.588426040332     6150.764813755109
1288.362066403283     7301.009310906223
1612.6345963417477     8881.226329039358
1926.3165566990622     10541.394087664306
2411.2059213187736     13139.575533371017
2826.8208273326977     15218.94430957177
3440.4691747352617     18511.07155414177
4226.736868231379     23072.049595490316
5290.684404436668     28758.71406082667
6622.315986637891     34983.19720326804
7984.904688365907     42549.27802611362
9718.273679709495     51753.44058674869
90722.54646464564     443000
