20.998859320633212     99759.73041238239
21.17267135172109     87212.33211142894
21.524623359754234     76241.05984454762
21.882425844276675     65173.691927398235
22.43031239477843     55711.40532858061
22.803170092185212     47624.18013509531
23.567582487228705     37220.070259183005
24.357619666340973     29747.775234383676
25.174140628621     23775.61689790409
26.233389970754878     18169.46902949449
27.33720922235909     13885.217205146877
28.723270633919363     10851.234224163649
30.681282420208607     8108.249961955109
33.044035400734515     5924.28420842148
34.71944644868191     4629.801219981372
37.39317678548167     3783.634994665747
40.606156625310355     2956.577456013521
43.733220099389925     2526.919475032267
47.10109744958077     2159.70057551171
51.148222875898306     1845.7976016092257
56.46638385700529     1613.1658545198425
66.58693449774123     1347.8012233646896
79.82666236674258     1204.2934789402752
93.3613374202507     1150.9501849069827
106.52371419653184     1176.5175859210447
119.5544187824502     1229.9604933777935
139.82496701102852     1285.659194798622
163.53240305748676     1343.8802092178528
192.84254926298345     1404.7002130830385
225.53915918478347     1535.584074317675
259.4664115845129     1678.7528644534236
298.4972498074559     1835.2698670457528
343.39939261692496     2051.8269408338024
388.59643020072156     2243.2470821322227
443.3819845806476     2508.011441922149
501.73838430621316     2741.9901927790293
563.1144329600177     3065.7837319047467
642.5040876027966     3427.6298582175896
727.0682482258788     3832.286130766317
809.309351156361     4190.033810052375
931.0515919512175     4790.5562906972655
1036.3659279768801     5237.759431852979
1144.1225719112776     5856.584073390221
1273.5380737314204     6403.301956477954
1405.9548051612846     7001.243623587637
1577.9407508767     7827.999845084258
1770.965186175875     8752.385271695313
1987.6016820684963     9785.928648464927
2249.2029249870593     10941.227666771067
2587.544504383152     12509.342263838658
3001.4213603291587     14301.81932816336
3481.4976774236015     16721.518973841696
4038.362036770695     19117.563354842106
4645.842035358224     22352.627707968182
5257.31165817933     24991.515622977593
5851.9836305464005     27943.436916805706
6677.014800431654     31241.524873561713
7745.001027538659     36527.223492208446
8621.063801916083     40841.70727373357
9917.907368323748     46695.2073831964
