6.047186990986748      8672.500426996961
6.149431263460256      7172.492504947546
6.253404255629254      5931.928071561079
6.359135196238919      4905.933414625675
6.466653808226479      4154.862931544809
6.649906422921487      3200.034342635654
6.838352066621673      2350.3580150428984
7.032137899848011      1853.7076282360606
7.231415253369497      1427.7072840416304
7.4363397463800105      1180.7690158388964
7.604452669458011      976.5415392560973
7.863774802366484      770.1901110479861
8.131940171144683      607.4424725526637
8.362383819915534      514.4464873352872
8.59935780144108      435.6876581570786
8.79376300963475      377.8501401404571
9.093642235539988      312.4966462629795
9.403747749102857      258.44678498546847
9.778928306368192      213.74546404928208
10.169077411738554      176.77574671401604
10.574792264157303      149.71238603210048
10.99669388896537      126.79227183627857
11.435428088501082      107.38109667130543
11.891666430625994      93.12626067332974
12.43541244775394      78.86916020333307
12.787808279267724      71.72492504947553
13.372530349989443      60.74424725526644
13.983988816231214      52.68045102589067
14.623406198710482      46.784618539059935
15.206835043584915      41.54862931544809
15.991289849841541      36.0330505479362
16.722490999429468      32.769055017089755
17.48712629511687      29.800723235589558
18.184808747200645      27.10127298150808
19.122884328458227      24.646348057119233
20.335386314762232      21.88800531845348
21.265221117976434      20.383480889055267
21.990393952470104      19.438367733440415
23.254384785435253      18.10222500608412
25.146956868128097      16.46246426921197
26.741420058324298      15.330877388600108
27.964170522599954      14.620036390149044
29.73726142884663      13.615093199225852
31.622776601683793      12.679227183627871
33.81630980533075      11.807690158388963
35.9604603479043      11.260207450854478
38.45487963262194      10.738109667130542
40.89314245619851      10.738109667130542
43.48600531112699      10.48621014304044
46.76305898706885      10.738109667130542
50.006807121025396      10.996060316400408
52.29336656666497      11.260207450854478
57.184924676803035      11.807690158388963
63.23694397274954      12.3817920304777
69.53973153419804      13.295704069887236
75.62071454092653      13.94215468765156
81.31940171144676      14.620036390149044
88.92607546510725      15.69915540948596
96.16337756540237      16.46246426921197
104.57249638055414      17.677574671401604
116.93948181473158      19.438367733440415
127.8780827926771      20.87313244716947
135.22841606712697      21.88800531845348
143.80268343547198      22.952222338128973
156.37767696795382      24.646348057119233
171.0053543243539      26.465518833161585
183.89211458170442      28.418964362799755
199.97277522234532      30.516595595401846
213.8440088524839      32.769055017089755
226.1355970549634      34.36231970980565
251.46956868128095      37.78501401404571
270.4200164986537      40.57396242568873
295.71529411596555      44.615373810823655
327.0115610291633      49.05933414625675
365.6847050395928      55.24182798876392
402.13227611969944      60.74424725526644
447.18315623729023      66.7947406693249
511.37308255404815      77.01901110479852
568.6622105489565      84.69056916178775
639.4774621219921      95.36333778926688
683.8352066621666      102.402197940476
743.6339746380007      112.60207450854477
817.7515184528731      123.817920304777
894.2445678545866      136.15093199225853
956.2743882108898      146.20036390149045
988.8846397011222      149.71238603210048
893.4576787220669     136.06655253249434
946.5284050527004     142.2739461086423
994.519642436076     148.76849903021613
1036.3659279768801     155.5636747226252
1088.9121410647076     162.66488014915544
1144.1225719112776     170.09024298968174
1192.2636822473219     177.85931434694996
1263.0832645301712     190.1858649854091
1349.1852948502908     203.3612723042761
1441.1567399852815     217.4494254680109
1539.3977069958103     232.51355629610637
1671.6692662278788     254.23931112415121
1800.40383107227     271.84484957061795
1955.1021399635213     290.66176545876937
2105.6637542130206     317.8293060210242
2324.601151982586     347.50827265264894
2545.2352165980956     379.9688233085019
2786.810245829075     415.4614955908068
3102.035603055445     464.5345351815948
3424.57124121831     519.4178151327937
3780.642676901568     567.9211586293115
4243.116579911832     634.9852941543866
4841.324582000401     726.0118274567911
5478.52293992565     830.109401251592
6354.810805028492     949.0566673220937
7250.732141087077     1085.1060201640503
8410.484260046358     1268.6931982892802
89127.56465465465     14000