0.31064192007701025     5849.981831892106
0.3481734618317479     4624.034960162402
0.4373880093938817     4617.327247970666
0.526456181119918     4611.884397183047
0.6158482110660263     2882.7608304139985
0.7307639082059003     2025.8556634498427
0.8671225797863178     1194.1111426677353
1.0289254298577413     791.3891520333016
1.2036365190931142     494.67537618454344
1.4080134750823392     414.4987448688318
1.670745179362757     347.2855741605178
2.0109699119797897     274.3824430155947
2.4552339417463864     274.0341401262831
3.128643196016726     290.1278108744681
3.8198239171622985     366.31600689401745
4.532593266012786     436.261303784022
5.455594781168522     435.74704411530485
6.381952395613473     365.1214747319797
7.359919513554997     215.25459675148576
8.733261623828433     106.42043976771406
9.378561332911511     37.0378880332814
9.378561332911511     16.30356495567276
9.513233868984164     7.175952220944307
9.928966028229375     3.550641158152492
10.071542164177696     1.757166173416742
10.362865850606896     0.8200209287333177
10.662616199893813     0.32097662243643743
10.971036956883852     0.14979092587482146
11.2883789168469     0.05863190044819385
11.950866108411777     0.03261601539706616
13.3947614791394     0.01813719917850509
15.228689739436494     0.012749358103185358
18.329807108324367     0.008448784996232842
22.7005903568061     0.0070768431844283565
26.936462312695262     0.0074958567404030335
31.51026186535012     0.008419706099586055
39.58432282649269     0.010023747436010741
47.64513653753772     0.010616281303650605
58.17091329374361     0.01192147142351571
72.04189687096363     0.015959215515571577
80.74594898290266     0.017931036883565968
97.18877296465105     0.0226418204717575
118.65974359833832     0.030313244559904213
142.8232007411854     0.03404311336651878
176.87971042538285     0.04053235685249762
212.89887895460583     0.04551962811552363
249.04901574760117     0.054216178831553406
295.52092352028876     0.060892689481557453
355.6997757051428     0.07251311292202936
422.07244183158696     0.08635894852925428
537.8363547806326     0.11558732595966661
666.0846290809168     0.1459275693624829
813.2362297678436     0.14574232794003475
978.8408247981754     0.17355498621285118
1212.2475952390366     0.2323372116053891
1544.7367870918797     0.2932696347061395
1544.7367870918797     0.2932696347061395
1968.4194472866152     0.3701821074910277
2369.261531647249     0.46743514466531105
2851.7297027731147     0.5249503262473105
4015.2738487970996     0.7021748295831665
5116.563026270094     0.9398274560998022
7102.204756538449     1.2572295473347754
9180.118710527393     1.4964732422028106
