0.4938168807471969      41251364929.47137
0.5130812406037635      34544045192.03269
0.5433865112168688      27264408235.32143
0.5699972037616874      22829454272.152393
0.5922334449243771      19117469238.533203
0.633226839308768      15087520279.31304
0.6770340646607399      12631254599.837677
0.723897214086299      9968595087.057568
0.7813970711236736      8345015775.640121
0.8354256537637115      7411343452.162147
0.884708435050703      6582670747.349722
0.9458803341553899      5846176334.803586
1.0016789721572714      5192507160.322305
1.0506964146791937      4612301762.783671
1.1450671870474816      3639438193.656693
1.224284006664437      3046933463.776869
1.2965513305890268      2551097215.4395
1.3995376588961272      2135601488.6866057
1.4820980974409004      1896816891.3387353
1.584575650144134      1684593753.3887465
1.7434534840348261      1329157373.5229864
1.899979459668679      1112587548.2110188
2.0704858594388056      987945848.8193206
2.299842761819766      826837374.1040252
2.6287847261235338      691832260.4655918
2.976137931952888      614126858.2943326
3.369388486622154      545149192.4135656
3.8146010142522018      483918978.5878545
4.360043474361458      429531007.4749132
5.03107751373003      404410223.34712017
5.8053872852419035      380758608.57896346
6.9594682164264805      358373321.99762726
8.503409042772086      357760128.04176986
10.389869326226545      357147983.2902043
12.454450970057119      378282677.43579966
15.216376502471437      424966826.5798185
