0     0
13.273001508295607     5.926964501943985
26.546003016591243     42.04411992315954
38.61236802413271     84.20659704835407
45.852187028657596     120.36927447035168
53.092006033182486     162.56816919617313
59.12518853695323     204.77616832215017
66.36500754147809     253.01128035179454
71.1915535444947     301.26460118175146
77.22473604826544     343.4726003077294
84.46455505279033     409.81636424884255
90.49773755656108     470.13301528628836
96.53092006033182     530.4496663237351
102.56410256410254     596.8025346650047
109.80392156862743     675.2187332137628
114.63046757164403     735.544488651366
123.07692307692307     826.0240174076134
129.11010558069378     898.413103052706
133.93665158371041     970.8112930979551
139.96983408748113     1049.23659604687
146.00301659125185     1127.6618989957851
152.03619909502262     1206.0872019447002
158.06938159879334     1290.5487221974386
165.3092006033182     1381.0373553538434
170.13574660633483     1453.435545399092
177.37556561085975     1549.9603958593198
183.4087481146304     1640.458133415881
190.64856711915533     1730.9467665722855
195.47511312217196     1803.344956617534
201.50829562594262     1881.7702595664493
206.33484162895925     1954.1684496116982
209.95475113122168     2002.430874841812
215.98793363499246     2074.819960486904
220.81447963800903     2117.0370640130386
225.6410256410256     2183.3990367544648
230.46757164404218     2243.7247921920675
237.7073906485671     2316.104773437003
243.74057315233787     2382.457641778273
249.77375565610853     2448.810510119542
255.8069381598793     2509.127161156988
264.25339366515834     2581.4980380017673
273.9064856711915     2659.896027750213
282.3529411764706     2714.158252683523
289.59276018099547     2762.393364713167
298.0392156862745     2804.583155038831
310.1055806938159     2846.745632164026
323.3785822021116     2870.790352977595
335.44494720965304     2876.735526279852
347.5113122171946     2858.535830366817
358.3710407239819     2828.272804246293
371.64404223227757     2779.8829174139873
380.0904977375566     2719.4570135746617
389.7435897435897     2659.0220053351795
404.22322775263956     2544.2246237606646
413.8763197586727     2465.6809636097137
423.52941176470586     2375.064868851117
431.975867269985     2290.4940957964996
438.0090497737557     2218.0139661498415
446.4555052790347     2139.479410399047
452.4886877828054     2073.0354980562115
457.315233785822     2018.6731247211787
466.96832579185514     1934.093247266405
473.00150829562597     1849.5406830121005
481.447963800905     1764.9699099574834
487.4811463046758     1692.4897803108252
494.72096530920055     1620.0005462640102
499.5475113122171     1553.5657383213315
506.7873303167421     1481.0765042745165
512.8205128205128     1414.6325919316814
521.2669683257918     1324.0256015732411
529.7134238310709     1233.4186112148009
540.5731523378581     1112.6123255369325
552.6395173453997     1009.9055873703765
562.2926093514329     913.2532753079572
573.1523378582202     816.5918588453806
587.63197586727     707.8306945746886
604.5248868778281     580.9426695922143
625.0377073906485     460.0635487130935
615.3846153846154     526.534774256399
594.8717948717948     647.4138951355194
580.3921568627451     762.2112767100348
567.1191553544495     864.9271192767474
638.3107088989442     381.4925753616726
660.0301659125189     290.7854366015099
649.1704374057315     333.12089732968025
678.129713423831     230.28669756093177
698.6425339366516     163.7335324162177
723.9819004524886     109.21638427852213
744.4947209653092     78.88052295674561
757.7677224736047     54.635505339731026
773.4539969834087     42.44471353004974
777.0739064856712     0.1638792028188618
