0     0
12.066365007541464     11.97228620592341
19.306184012066353     23.990094412629787
26.546003016591243     48.080337226982465
32.57918552036199     72.17968444149119
39.81900452488688     108.3423618634888
45.852187028657596     144.51414368564383
53.092006033182486     192.7492557152873
61.53846153846152     259.0839152562439
67.57164404223226     313.3643489898677
74.81146304675715     379.7081129309804
80.84464555052787     433.98854666460375
86.87782805429865     506.37763230969585
92.91101055806936     572.730500650965
97.73755656108597     633.0562560885683
102.56410256410254     693.3820115261715
108.59728506787329     765.7710971712636
113.42383107088986     832.1330699126893
117.04374057315232     886.4317124466261
121.87028657616892     946.7574678842293
126.6968325791855     1019.1556579294779
131.52337858220213     1085.517630670904
135.14328808446456     1139.8162732048404
139.96983408748113     1218.2506805539124
144.7963800904977     1290.6488705991615
149.62292609351434     1363.0470606444105
153.24283559577677     1423.3819204821698
158.06938159879334     1495.7801105274189
165.3092006033182     1598.341178291469
171.34238310708898     1694.875133151853
174.9622926093514     1761.2462102934355
179.78883861236798     1833.6444003386846
185.82202111613876     1918.1059205914228
190.64856711915533     1990.5041106366716
194.26847662141776     2050.8389704744313
199.0950226244344     2117.2009432158575
203.92156862745097     2183.562915957283
208.74811463046754     2249.924888698709
213.57466063348417     2310.250644136312
218.40120663650075     2382.648834181561
224.43438914027146     2461.074137130476
231.67420814479638     2539.4903356792347
240.1206636500754     2636.006081739306
249.77375565610853     2732.51272339922
257.0135746606335     2792.8202700365096
263.0467571644042     2847.1007037701334
270.28657616892906     2895.3358157997773
276.3197586726998     2931.507597621932
283.55957767722475     2973.706492347753
293.2126696832579     3003.814743665615
305.27903469079934     3027.8685688793403
314.9321266968326     3033.8319509819107
326.99849170437403     3015.632255068876
335.44494720965304     2985.387437748665
343.89140271493216     2949.1064031246315
349.9245852187029     2918.8797946047334
357.16440422322773     2870.5354297732106
364.4042232277526     2822.1910649416873
371.64404223227757     2761.7742655025186
376.47058823529414     2713.4481094713087
384.91704374057315     2640.949771024337
390.95022624434387     2580.542075985325
396.9834087481147     2520.1343809463124
401.8099547511313     2465.7720076112796
407.8431372549019     2393.2918779646216
413.8763197586727     2326.847965621786
419.9095022624434     2254.3678359751275
428.35595776772243     2151.6884110090414
424.73604826546     2193.9692453362723
435.5957767722474     2055.0543077469347
441.6289592760181     1982.5741781002766
447.66214177978884     1904.0578311497957
456.10859728506784     1795.3421888798864
463.3484162895927     1710.7805202254258
470.5882352941177     1614.146416963319
479.0346907993967     1505.43077469341
486.27450980392166     1420.8691060389497
495.9276018099547     1312.1443593688837
501.9607843137254     1239.6642297222256
510.40723981900453     1143.0210220599624
517.6470588235294     1064.4955707093245
524.8868778280544     992.00633666251
532.1266968325792     913.480885311872
540.5731523378581     834.9463295610772
545.3996983408748     792.6563908336911
557.4660633484162     683.9134353633121
565.9125188536954     623.487531523986
573.1523378582202     575.1431666924632
584.0120663650075     502.6266194451787
592.4585218702865     442.200715605853
602.1116138763198     387.80192467019333
614.1779788838612     327.3487076303986
632.2775263951734     254.7775339821742
649.1704374057315     188.25168203792919
667.2699849170436     139.82537760499736
682.9562594268476     103.48971658002347
698.6425339366516     79.22649016269634
717.9487179487179     54.93595054489879
732.4283559577677     36.71804583155108
745.7013574660634     24.545462822182344
755.3544494720965     18.436410317106493
762.5942684766213     12.3455666123441
771.0407239819004     12.281835811247674
775.867269984917     12.24541821062121