6.047186990986748         9312.626067332974
6.149431263460256         7886.916020333299
6.253404255629254         6679.47406693249
6.466653808226479         4905.933414625675
6.649906422921487         3869.2684842499684
6.800240491170145         3200.034342635654
6.992946315158513         2523.84021225499
7.231415253369497         1898.237354703994
7.394895459720556         1607.628019740476
7.604452669458011         1298.380731790124
7.776366112128946         1099.6060316400396
8.086619156903161         827.0385876972717
8.409250342110035         667.947406693249
8.551431770360582         593.192807156108
8.744753517409217         502.37836460729375
9.093642235539988         405.7396242568868
9.351338683530406         335.56232581823735
9.616337756540242         284.18964362799755
9.94426789512995         235.03580150428982
10.283380895482427         194.38367733440415
10.515856721012801         172.6288597992514
10.874461674293062         146.20036390149045
11.37169604075486         118.07690158388964
11.69394818147317         104.8621014304044
12.228653538814907         88.80831053642056
12.787808279267724         73.44789972182191
13.372530349989443         60.74424725526644
14.14117304972771         49.05933414625675
14.787777675594407         42.54670963315979
15.550615125874259         35.18777064617438
16.444452453598267         29.800723235589558
17.38966685946135         25.84467849854685
19.230057486507743         19.905315802795254
20.222052926495508         17.677574671401604
21.384400885248414         15.69915540948596
22.74029616254706         13.94215468765156
24.72884790816915         12.3817920304777
26.44417953947241         11.260207450854478
28.59635498543255         10.48621014304044
30.579958606136792         10
33.25405878639028         9.312626067332983
35.76004513317585         8.880831053642055
39.766243098282196         8.469056916178774
43.48600531112699         8.469056916178774
48.62876093891824         8.469056916178774
55.92072786195216         8.880831053642055
60.8107811933371         9.0941661943098
66.87175459319803         9.53633377892669
66.87175459319803         9.53633377892669
73.12698532313223         10
78.1994833017049         10.48621014304044
87.44753517409208         11.260207450854478
93.51338683530405         11.807690158388963
98.33733774567021         12.3817920304777
108.13856010449352         13.295704069887236
116.28775346833682         14.277072840416304
125.05106035854067         14.971238603210033
135.22841606712697         16.07628019740476
147.05362277973285         17.26288597992512
162.61666439658745         18.537076282360626
182.86724512024023         20.383480889055267
197.75000577578245         21.88800531845348
221.1363791118253         24.068182668740715
250.06807584394392         27.10127298150808
284.369814799376         30.516595595401846
328.8442794157949         35.18777064617438
357.6004513317581         38.69268484249968
388.8712402717105         41.54862931544809
422.8765398569521         45.687123401642936
470.25139990416307         51.44464873352872
522.9336656666497         56.56884604299131
578.27700402027         63.697694169952996
639.4774621219921         70.04236871084298
676.2341319550591         73.44789972182191
777.6366112128933         84.69056916178775
855.1431770360572         93.12626067332974
977.8928306368182         107.38109667130543
1071.2887445902409     118.00316951758259
1218.9371359925608     133.35802381667173
1423.216689931903     153.57152939443563
1661.7310989145908     176.84886117514293
1915.3272636390627     199.85380690460858
2265.375435338891     232.3202268745578
2749.4912153714777     277.7960466695406
3251.992480464364     325.98605289812076
3796.9882425160336     378.95613143432615
4320.301129925721     428.2668084924843
4979.6206779077     493.19798792097833
5521.487264220176     552.1779451227715
6364.119381231078     635.8957689658794
7430.671076168135     746.232594920792
8346.325677967281     851.3602619588139
9254.546463425277     962.2091798838468
85505.65465465554     9000
