15.597381342062135     19.2307692307686
32.61320240043642     38.46153846153811
45.36552100381883     86.53846153846098
55.272776868521504     163.4615384615381
69.42989634478991     259.61538461538385
76.50027277686848     336.538461538461
90.64920894708129     461.538461538461
99.12711402073103     576.9230769230771
110.43917075831968     701.9230769230762
123.16148390616473     855.7692307692305
134.47899618112382     961.538461538461
140.11729405346426     1086.538461538461
155.66012002182208     1298.0769230769229
171.20021822149477     1519.230769230769
185.32733224222585     1721.1538461538457
199.4517184942717     1932.6923076923072
207.92144026186577     2076.923076923076
219.23349699945447     2201.923076923076
237.60774686306604     2432.6923076923076
251.7457719585379     2596.1538461538457
270.15548281505727     2701.9230769230767
281.4702673213311     2817.3076923076924
295.63011456628476     2903.8461538461534
311.21931260229127     2951.9230769230767
333.91434806328425     2951.9230769230767
349.530823786143     2903.8461538461534
366.5793780687398     2807.6923076923076
385.0545553737043     2682.6923076923076
396.43480632842335     2567.307692307692
412.0812875068195     2413.4615384615386
423.4588106928532     2307.6923076923076
443.3824331696673     2076.923076923076
461.88488816148396     1855.7692307692305
477.54228041462085     1663.461538461538
493.19967266775785     1471.1538461538457
501.745771958538     1346.1538461538457
514.5499181669395     1211.538461538461
531.620294599018     1038.461538461538
548.6933987997818     855.7692307692305
570.0190943807966     682.6923076923067
588.4969994544463     548.0769230769229
614.0725586470267     394.2307692307686
638.2187670485544     278.84615384615245
665.1991271140209     173.07692307692196
689.328968903437     115.38461538461524
713.456082924168     67.30769230769147
730.482815057283     48.07692307692287
744.6753955264594     19.2307692307686
754.6099290780144     0