0     0
10.85972850678732     5.94517330225699
18.09954751131221     11.926764205140444
25.33936651583707     29.980789715669744
33.785822021116104     48.02571082604254
41.02564102564102     72.11595364039476
49.472096530920055     108.26952666223633
55.50527903469077     132.3688738767455
61.53846153846152     168.54065569890008
67.57164404223226     198.67622021723128
73.60482654600301     234.8480020393863
79.63800904977373     271.0197838615409
84.46455505279033     313.2368873876753
89.2911010558069     349.4177736099864
95.32428355957768     397.66199003978636
98.94419306184008     427.81576335843147
104.97737556561086     482.0961970920548
112.21719457013572     554.4761783369909
119.45701357466064     626.8561595819265
125.49019607843135     693.2090279231961
131.52337858220213     771.6343308721116
137.5565610859728     844.0234165172033
144.7963800904977     940.548266977431
149.62292609351434     1006.9102397188567
155.65610859728505     1085.3355426677722
160.48265460030163     1163.7699500168442
166.51583710407235     1254.267687573405
172.54901960784312     1338.729207826143
178.5822021116139     1453.371814597996
187.0286576168929     1574.0324298733585
193.06184012066362     1688.6750366452115
200.30165912518854     1797.2723217130847
205.1282051282051     1887.7791636698025
211.16138763197583     1996.3855531378324
217.1945701357466     2080.8470733905706
220.81447963800903     2147.2181505321532
226.84766214177975     2243.7521053925375
234.08748114630467     2364.421825068056
240.1206636500754     2466.991997232263
246.1538461538461     2551.4535174850016
250.98039215686273     2629.8879248340736
257.0135746606335     2720.3856623906345
264.25339366515834     2798.801860939393
272.69984917043735     2895.3176069994643
281.14630467571646     2985.7971357557117
288.3861236802413     3040.068465089179
294.41930618401204     3088.3126815189794
302.86576168929105     3136.538689148467
310.1055806938159     3166.6651492666415
317.3453996983409     3178.682957473348
325.7918552036199     3184.655443976075
335.44494720965304     3166.473956863353
345.0980392156863     3136.2200351429856
353.5444947209653     3093.902783215129
359.577677224736     3051.6037400875857
368.024132730015     2991.17783624826
364.4042232277526     3021.386235967844
372.8506787330317     2948.887897520873
377.6772247360483     2906.597958793486
382.50377073906486     2858.271802762276
388.5369532428356     2791.827890419441
395.77677224736055     2719.338656372626
401.8099547511313     2652.8947440297907
407.8431372549019     2580.414614383132
412.66968325791856     2532.088458351923
418.7028657616893     2447.5358940976184
423.52941176470586     2387.1373034587627
430.76923076923083     2302.575634804302
438.0090497737557     2211.9777488460186
444.0422322775264     2133.461401895537
451.28205128205127     2036.8272986334302
456.10859728506784     1970.3924906907516
465.761689291101     1855.631526716863
471.7948717948718     1789.1876143740278
476.6214177978884     1722.7528064313492
485.0678733031674     1626.109598769086
492.3076923076924     1541.5479301146256
500.75414781297127     1450.940939756185
506.7873303167421     1378.4608101095268
514.027149321267     1287.862924151243
521.2669683257918     1215.3736901044285
528.5067873303168     1142.884456057613
535.7466063348415     1070.3952220107985
544.1930618401207     985.8244489561816
553.8461538461538     889.1721368937615
562.2926093514329     816.67379844679
569.5324283559578     756.2569990076208
575.5656108597285     701.8855212724316
580.3921568627451     653.5593652412217
588.8386123680241     587.0972440980736
596.078431372549     532.7166619627274
604.5248868778281     466.2545408195788
612.9713423831071     417.90107158789897
621.4177978883862     369.5476023562196
631.0708898944192     321.1850287243833
638.3107088989442     284.91309850050584
650.3770739064856     236.53231606835652
662.4434389140272     200.2239682438526
670.8898944193061     169.979150923642
684.1628959276018     139.69791600280496
695.0226244343892     115.47110718610338
708.2956259426848     91.22608956908925
727.6018099547512     72.97176725511508
742.0814479638009     54.75386254176692
754.1478129713423     42.59038393255514
765.0075414781297     30.436009723499865
775.867269984917     24.317852818267056
778.2805429864253     0.15477480266235943
