 1 	0       	0.531224     	0.564463
 51 	20       	0.53241     	0.564286
 101 	40       	0.531436     	0.562672
 151 	60       	0.530745     	0.562345
 201 	80       	0.530179     	0.56163
 251 	100       	0.529513     	0.561384
 301 	120       	0.529202     	0.561391
 351 	140       	0.528561     	0.561094
 401 	160       	0.528205     	0.559701
 451 	180       	0.528005     	0.558226
 501 	200       	0.526524     	0.557486
 551 	220       	0.527141     	0.557023
 601 	240       	0.525601     	0.556522
 651 	260       	0.5261     	0.555055
 701 	280       	0.525202     	0.555173
 751 	300       	0.524983     	0.554484
 801 	320       	0.524547     	0.553736
 851 	340       	0.523151     	0.553505
 901 	360       	0.522485     	0.552895
 951 	380       	0.521612     	0.553097
 1001 	400       	0.520691     	0.550495
 1051 	420       	0.520437     	0.550434
 1101 	440       	0.520983     	0.549854
 1151 	460       	0.52111     	0.54949
 1201 	480       	0.518999     	0.548196
 1251 	500       	0.518795     	0.547889
 1301 	520       	0.518482     	0.547355
 1351 	540       	0.518509     	0.546298
 1401 	560       	0.517083     	0.545871
 1451 	580       	0.517362     	0.544795
 1501 	600       	0.515842     	0.544444
 1551 	620       	0.515853     	0.543978
 1601 	640       	0.515224     	0.543423
 1651 	660       	0.514328     	0.541384
 1701 	680       	0.513846     	0.541736
 1751 	700       	0.51444     	0.542048
 1801 	720       	0.512669     	0.540574
 1851 	740       	0.512175     	0.538404
 1901 	760       	0.511719     	0.53748
 1951 	780       	0.511189     	0.537558
 2001 	800       	0.510507     	0.53741
 2051 	820       	0.509872     	0.536051
 2101 	840       	0.509057     	0.534539
 2151 	860       	0.509227     	0.534825
 2201 	880       	0.508983     	0.535265
 2251 	900       	0.507367     	0.532918
 2301 	920       	0.506872     	0.532005
 2351 	940       	0.506595     	0.532225
 2401 	960       	0.505754     	0.530537
 2451 	980       	0.50578     	0.530634
 2501 	1000       	0.504618     	0.528712
 2551 	1020       	0.504509     	0.529958
 2601 	1040       	0.503233     	0.528099
 2651 	1060       	0.503308     	0.527466
 2701 	1080       	0.502186     	0.527061
 2751 	1100       	0.501972     	0.525602
 2801 	1120       	0.50148     	0.524581
 2851 	1140       	0.5003     	0.524517
 2901 	1160       	0.499211     	0.524249
 2951 	1180       	0.499082     	0.523165
 3001 	1200       	0.499321     	0.522177
 3051 	1220       	0.498902     	0.520779
 3101 	1240       	0.497623     	0.520267
 3151 	1260       	0.497105     	0.520039
 3201 	1280       	0.496697     	0.518459
 3251 	1300       	0.49602     	0.51795
 3301 	1320       	0.495314     	0.517576
 3351 	1340       	0.494778     	0.516115
 3401 	1360       	0.494153     	0.515331
 3451 	1380       	0.49374     	0.515192
 3501 	1400       	0.493071     	0.514622
 3551 	1420       	0.49174     	0.51286
 3601 	1440       	0.49223     	0.512596
 3651 	1460       	0.491303     	0.511775
 3701 	1480       	0.490368     	0.510974
 3751 	1500       	0.489795     	0.509756
 3801 	1520       	0.489151     	0.509424
 3851 	1540       	0.488647     	0.508983
 3901 	1560       	0.48855     	0.507624
 3951 	1580       	0.487165     	0.506543
 4001 	1600       	0.486998     	0.506382
 4051 	1620       	0.486065     	0.505537
 4101 	1640       	0.485331     	0.504396
 4151 	1660       	0.485342     	0.503759
 4201 	1680       	0.484449     	0.502777
 4251 	1700       	0.483838     	0.501638
 4301 	1720       	0.483126     	0.501337
 4351 	1740       	0.482507     	0.500111
 4401 	1760       	0.481872     	0.499695
 4451 	1780       	0.481215     	0.498292
 4501 	1800       	0.480185     	0.497767
 4551 	1820       	0.480138     	0.496899
 4601 	1840       	0.479209     	0.495737
 4651 	1860       	0.47905     	0.495586
 4701 	1880       	0.477835     	0.494312
 4751 	1900       	0.47772     	0.4937
 4801 	1920       	0.477202     	0.492965
 4851 	1940       	0.476108     	0.491551
 4901 	1960       	0.475891     	0.492026
 4951 	1980       	0.475453     	0.490583
 5001 	2000       	0.474595     	0.489608
 5051 	2020       	0.473548     	0.488168
 5101 	2040       	0.47329     	0.487776
 5151 	2060       	0.47203     	0.487327
 5201 	2080       	0.472115     	0.485924
 5251 	2100       	0.471446     	0.485928
 5301 	2120       	0.470468     	0.484306
 5351 	2140       	0.470106     	0.483737
 5401 	2160       	0.469342     	0.482667
 5451 	2180       	0.468912     	0.48192
 5501 	2200       	0.468441     	0.481596
 5551 	2220       	0.467728     	0.480367
 5601 	2240       	0.46691     	0.479816
 5651 	2260       	0.466257     	0.478489
 5701 	2280       	0.465937     	0.47833
 5751 	2300       	0.465618     	0.477292
 5801 	2320       	0.464989     	0.476075
 5851 	2340       	0.464     	0.475373
 5901 	2360       	0.463436     	0.474937
 5951 	2380       	0.462756     	0.473508
 6001 	2400       	0.462089     	0.472831
 6051 	2420       	0.461875     	0.472127
 6101 	2440       	0.461333     	0.471162
 6151 	2460       	0.46019     	0.470283
 6201 	2480       	0.4599     	0.469738
 6251 	2500       	0.459451     	0.4688
 6301 	2520       	0.45902     	0.468164
 6351 	2540       	0.4577     	0.466949
 6401 	2560       	0.457134     	0.466026
 6451 	2580       	0.456852     	0.465497
 6501 	2600       	0.45623     	0.46486
 6551 	2620       	0.455628     	0.464141
 6601 	2640       	0.455122     	0.463391
 6651 	2660       	0.454406     	0.462314
 6701 	2680       	0.4536     	0.461376
 6751 	2700       	0.453067     	0.460714
 6801 	2720       	0.452538     	0.459941
 6851 	2740       	0.452105     	0.458991
 6901 	2760       	0.451529     	0.458003
 6951 	2780       	0.450795     	0.457285
 7001 	2800       	0.450304     	0.456827
 7051 	2820       	0.449737     	0.455662
 7101 	2840       	0.44909     	0.454902
 7151 	2860       	0.448459     	0.454098
 7201 	2880       	0.447895     	0.453177
 7251 	2900       	0.447266     	0.452441
 7301 	2920       	0.446792     	0.451912
 7351 	2940       	0.446021     	0.450772
 7401 	2960       	0.445551     	0.449948
 7451 	2980       	0.444938     	0.449248
 7501 	3000       	0.444282     	0.448568
 7551 	3020       	0.443825     	0.447635
 7601 	3040       	0.443239     	0.446944
 7651 	3060       	0.44257     	0.446156
 7701 	3080       	0.441917     	0.445249
 7751 	3100       	0.441469     	0.444504
 7801 	3120       	0.440956     	0.443751
 7851 	3140       	0.440373     	0.44293
 7901 	3160       	0.439751     	0.442142
 7951 	3180       	0.43922     	0.441388
 8001 	3200       	0.438621     	0.440577
 8051 	3220       	0.438044     	0.439811
 8101 	3240       	0.437469     	0.438984
 8151 	3260       	0.43691     	0.438262
 8201 	3280       	0.436376     	0.437475
 8251 	3300       	0.435797     	0.436729
 8301 	3320       	0.435212     	0.43593
 8351 	3340       	0.43466     	0.435175
 8401 	3360       	0.434063     	0.43443
 8451 	3380       	0.433461     	0.43372
 8501 	3400       	0.432746     	0.433105
 8551 	3420       	0.431998     	0.432564
 8601 	3440       	0.431297     	0.431945
 8651 	3460       	0.430556     	0.431406
 8701 	3480       	0.429831     	0.430771
 8751 	3500       	0.429022     	0.4303
 8801 	3520       	0.428346     	0.429707
 8851 	3540       	0.427591     	0.42922
 8901 	3560       	0.426798     	0.428648
 8951 	3580       	0.426097     	0.428215
 9001 	3600       	0.425329     	0.427574
 9051 	3620       	0.424645     	0.426926
 9101 	3640       	0.423854     	0.426495
 9151 	3660       	0.423164     	0.425806
 9201 	3680       	0.422435     	0.425343
 9251 	3700       	0.421721     	0.424884
 9301 	3720       	0.420971     	0.424281
 9351 	3740       	0.420216     	0.423808
 9401 	3760       	0.419431     	0.423258
 9451 	3780       	0.418613     	0.42267
 9501 	3800       	0.417996     	0.422154
 9551 	3820       	0.417322     	0.421742
 9601 	3840       	0.41663     	0.4212
 9651 	3860       	0.415893     	0.420725
 9701 	3880       	0.415054     	0.420228
 9751 	3900       	0.414542     	0.419752
 9801 	3920       	0.413734     	0.419233
 9851 	3940       	0.413307     	0.418504
 9901 	3960       	0.41246     	0.418099
 9951 	3980       	0.411835     	0.417705
 10001 	4000       	0.411207     	0.416962
 10051 	4020       	0.410556     	0.416715
 10101 	4040       	0.409438     	0.416222
 10151 	4060       	0.409125     	0.415599
 10201 	4080       	0.40834     	0.415236
 10251 	4100       	0.407304     	0.414697
 10301 	4120       	0.407227     	0.414383
 10351 	4140       	0.406392     	0.41372
 10401 	4160       	0.405787     	0.413385
 10451 	4180       	0.404987     	0.412653
 10501 	4200       	0.404296     	0.412181
 10551 	4220       	0.403764     	0.41192
 10601 	4240       	0.403044     	0.411317
 10651 	4260       	0.402671     	0.410672
 10701 	4280       	0.401856     	0.410308
 10751 	4300       	0.401203     	0.410118
 10801 	4320       	0.400112     	0.409275
 10851 	4340       	0.399769     	0.408904
 10901 	4360       	0.399455     	0.408529
 10951 	4380       	0.398626     	0.407988
 11001 	4400       	0.397995     	0.407543
 11051 	4420       	0.397178     	0.406987
 11101 	4440       	0.396946     	0.406565
 11151 	4460       	0.395921     	0.406204
 11201 	4480       	0.395326     	0.405509
 11251 	4500       	0.394823     	0.405363
 11301 	4520       	0.394127     	0.404992
 11351 	4540       	0.393565     	0.404122
 11401 	4560       	0.392965     	0.403555
 11451 	4580       	0.392688     	0.403355
 11501 	4600       	0.391978     	0.403243
 11551 	4620       	0.391243     	0.402802
 11601 	4640       	0.390924     	0.401932
 11651 	4660       	0.389762     	0.402167
 11701 	4680       	0.389405     	0.401177
 11751 	4700       	0.388615     	0.400354
 11801 	4720       	0.387955     	0.400125
 11851 	4740       	0.387802     	0.399938
 11901 	4760       	0.387083     	0.399383
 11951 	4780       	0.386299     	0.399116
 12001 	4800       	0.385815     	0.398884
 12051 	4820       	0.385289     	0.39814
 12101 	4840       	0.384215     	0.397943
 12151 	4860       	0.383959     	0.397501
 12201 	4880       	0.383663     	0.397282
 12251 	4900       	0.383224     	0.396933
 12301 	4920       	0.382572     	0.396496
 12351 	4940       	0.382115     	0.395336
 12401 	4960       	0.381602     	0.394578
 12451 	4980       	0.38086     	0.394403
 12501 	5000       	0.380533     	0.394322
 12551 	5020       	0.379731     	0.394118
 12601 	5040       	0.379806     	0.393956
 12651 	5060       	0.378564     	0.393199
 12701 	5080       	0.377632     	0.392198
 12751 	5100       	0.377195     	0.392534
 12801 	5120       	0.377122     	0.391997
 12851 	5140       	0.376273     	0.391802
 12901 	5160       	0.37614     	0.391381
 12951 	5180       	0.375834     	0.391048
 13001 	5200       	0.374459     	0.390279
 13051 	5220       	0.374585     	0.39013
 13101 	5240       	0.373745     	0.389327
 13151 	5260       	0.373512     	0.389598
 13201 	5280       	0.373046     	0.389047
 13251 	5300       	0.372479     	0.388669
 13301 	5320       	0.372206     	0.388819
 13351 	5340       	0.371201     	0.387505
 13401 	5360       	0.37114     	0.38705
 13451 	5380       	0.370917     	0.386929
 13501 	5400       	0.37027     	0.386111
 13551 	5420       	0.369584     	0.386745
 13601 	5440       	0.369182     	0.386043
 13651 	5460       	0.369258     	0.385533
 13701 	5480       	0.367934     	0.38519
 13751 	5500       	0.367753     	0.384934
 13801 	5520       	0.366898     	0.38421
 13851 	5540       	0.366889     	0.384259
 13901 	5560       	0.365854     	0.383841
 13951 	5580       	0.365784     	0.383263
 14001 	5600       	0.365271     	0.382854
 14051 	5620       	0.364907     	0.382304
 14101 	5640       	0.364001     	0.382962
 14151 	5660       	0.364222     	0.382988
 14201 	5680       	0.363462     	0.38195
 14251 	5700       	0.362553     	0.381393
 14301 	5720       	0.362456     	0.380812
 14351 	5740       	0.362891     	0.381198
 14401 	5760       	0.361763     	0.380248
 14451 	5780       	0.361412     	0.380534
 14501 	5800       	0.361576     	0.379295
 14551 	5820       	0.360371     	0.379723
 14601 	5840       	0.359279     	0.378785
 14651 	5860       	0.359003     	0.379134
 14701 	5880       	0.359273     	0.37816
 14751 	5900       	0.359537     	0.377809
 14801 	5920       	0.358003     	0.377423
 14851 	5940       	0.357816     	0.377898
 14901 	5960       	0.357583     	0.377103
 14951 	5980       	0.357693     	0.376922
 15001 	6000       	0.356582     	0.37631
 15051 	6020       	0.356171     	0.376146
 15101 	6040       	0.356517     	0.376522
 15151 	6060       	0.355652     	0.375522
 15201 	6080       	0.355302     	0.375261
 15251 	6100       	0.354223     	0.374426
 15301 	6120       	0.354018     	0.374535
 15351 	6140       	0.354249     	0.373414
 15401 	6160       	0.352849     	0.374201
 15451 	6180       	0.353447     	0.373587
 15501 	6200       	0.352139     	0.372336
 15551 	6220       	0.351611     	0.372506
 15601 	6240       	0.351877     	0.372657
 15651 	6260       	0.351282     	0.372644
 15701 	6280       	0.351285     	0.372118
 15751 	6300       	0.350707     	0.371927
 15801 	6320       	0.350304     	0.371611
 15851 	6340       	0.349488     	0.372043
 15901 	6360       	0.349839     	0.371466
 15951 	6380       	0.349347     	0.37053
 16001 	6400       	0.3486     	0.370375
 16051 	6420       	0.348933     	0.370466
 16101 	6440       	0.34815     	0.369832
 16151 	6460       	0.347881     	0.370559
 16201 	6480       	0.347644     	0.369489
 16251 	6500       	0.346989     	0.368934
 16301 	6520       	0.346992     	0.369075
 16351 	6540       	0.345989     	0.368597
 16401 	6560       	0.347209     	0.36851
 16451 	6580       	0.345431     	0.368533
 16501 	6600       	0.344996     	0.367572
 16551 	6620       	0.345289     	0.367388
 16601 	6640       	0.34435     	0.367495
 16651 	6660       	0.344471     	0.365886
 16701 	6680       	0.344282     	0.366971
 16751 	6700       	0.343825     	0.36717
 16801 	6720       	0.343414     	0.366105
 16851 	6740       	0.342878     	0.365551
 16901 	6760       	0.342331     	0.365259
 16951 	6780       	0.342326     	0.365104
 17001 	6800       	0.342327     	0.365027
 17051 	6820       	0.341164     	0.364803
 17101 	6840       	0.341758     	0.365711
 17151 	6860       	0.340049     	0.363425
 17201 	6880       	0.340265     	0.363674
 17251 	6900       	0.341145     	0.364165
 17301 	6920       	0.339843     	0.363785
 17351 	6940       	0.339375     	0.362681
 17401 	6960       	0.339576     	0.363928
 17451 	6980       	0.338707     	0.363377
 17501 	7000       	0.339194     	0.363311
 17551 	7020       	0.33811     	0.361741
 17601 	7040       	0.337792     	0.361768
 17651 	7060       	0.33767     	0.362009
 17701 	7080       	0.339064     	0.36216
 17751 	7100       	0.337347     	0.361198
 17801 	7120       	0.336622     	0.361252
 17851 	7140       	0.336367     	0.362017
 17901 	7160       	0.336481     	0.361294
 17951 	7180       	0.336376     	0.360605
 18001 	7200       	0.336088     	0.359963
 18051 	7220       	0.335868     	0.360564
 18101 	7240       	0.335043     	0.359293
 18151 	7260       	0.335105     	0.359634
 18201 	7280       	0.33456     	0.358406
 18251 	7300       	0.3357     	0.359106
 18301 	7320       	0.334161     	0.359479
 18351 	7340       	0.333152     	0.358599
 18401 	7360       	0.333454     	0.358333
 18451 	7380       	0.333334     	0.358964
 18501 	7400       	0.332721     	0.357144
 18551 	7420       	0.333009     	0.357781
 18601 	7440       	0.332288     	0.358108
 18651 	7460       	0.331849     	0.357868
 18701 	7480       	0.332156     	0.357758
 18751 	7500       	0.332642     	0.357386
 18801 	7520       	0.330934     	0.356617
 18851 	7540       	0.331819     	0.356261
 18901 	7560       	0.33133     	0.356269
 18951 	7580       	0.330426     	0.355237
 19001 	7600       	0.330009     	0.356552
 19051 	7620       	0.331056     	0.355399
 19101 	7640       	0.329627     	0.355324
 19151 	7660       	0.330252     	0.355832
 19201 	7680       	0.329483     	0.354962
 19251 	7700       	0.32874     	0.354204
 19301 	7720       	0.328831     	0.35483
 19351 	7740       	0.328479     	0.354299
 19401 	7760       	0.32879     	0.355002
 19451 	7780       	0.329108     	0.354519
 19501 	7800       	0.328092     	0.353823
 19551 	7820       	0.328231     	0.353547
 19601 	7840       	0.327619     	0.353751
 19651 	7860       	0.326925     	0.353142
 19701 	7880       	0.326671     	0.352786
 19751 	7900       	0.327129     	0.354074
 19801 	7920       	0.326497     	0.353845
 19851 	7940       	0.327223     	0.352819
 19901 	7960       	0.327286     	0.352618
 19951 	7980       	0.326223     	0.352352
 20001 	8000       	0.325795     	0.351768
 20051 	8020       	0.325306     	0.351563
 20101 	8040       	0.325512     	0.351577
 20151 	8060       	0.325388     	0.351804
 20201 	8080       	0.323959     	0.351509
 20251 	8100       	0.324238     	0.351073
 20301 	8120       	0.324721     	0.351203
 20351 	8140       	0.324058     	0.351214
 20401 	8160       	0.323299     	0.350799
 20451 	8180       	0.32349     	0.350662
 20501 	8200       	0.324198     	0.350559
 20551 	8220       	0.323271     	0.349801
 20601 	8240       	0.322777     	0.34988
 20651 	8260       	0.323814     	0.348844
 20701 	8280       	0.322931     	0.349283
 20751 	8300       	0.322695     	0.349158
 20801 	8320       	0.321137     	0.349568
 20851 	8340       	0.322817     	0.348904
 20901 	8360       	0.322007     	0.349179
 20951 	8380       	0.32149     	0.349211
 21001 	8400       	0.321618     	0.348815
 21051 	8420       	0.321654     	0.349295
 21101 	8440       	0.320998     	0.348283
 21151 	8460       	0.320435     	0.347928
 21201 	8480       	0.320742     	0.34698
 21251 	8500       	0.320273     	0.347124
 21301 	8520       	0.320983     	0.347151
 21351 	8540       	0.319583     	0.347809
 21401 	8560       	0.319132     	0.346841
 21451 	8580       	0.318937     	0.346369
 21501 	8600       	0.320194     	0.346817
 21551 	8620       	0.319207     	0.346735
 21601 	8640       	0.318452     	0.346651
 21651 	8660       	0.317714     	0.345482
 21701 	8680       	0.318737     	0.346503
 21751 	8700       	0.319193     	0.346542
 21801 	8720       	0.318872     	0.346018
 21851 	8740       	0.317542     	0.345699
 21901 	8760       	0.317339     	0.345862
 21951 	8780       	0.318253     	0.345955
 22001 	8800       	0.317055     	0.344959
 22051 	8820       	0.31795     	0.346172
 22101 	8840       	0.318005     	0.344788
 22151 	8860       	0.31757     	0.344442
 22201 	8880       	0.317589     	0.345775
 22251 	8900       	0.316389     	0.344591
 22301 	8920       	0.315978     	0.344456
 22351 	8940       	0.316136     	0.345127
 22401 	8960       	0.315822     	0.343361
 22451 	8980       	0.316567     	0.344156
 22501 	9000       	0.31664     	0.344949
 22551 	9020       	0.316155     	0.3442
 22601 	9040       	0.315151     	0.343543
 22651 	9060       	0.313943     	0.34299
 22701 	9080       	0.315429     	0.343729
 22751 	9100       	0.315814     	0.342996
 22801 	9120       	0.315211     	0.343163
 22851 	9140       	0.314294     	0.343161
 22901 	9160       	0.314327     	0.343659
 22951 	9180       	0.314467     	0.342634
 23001 	9200       	0.315126     	0.343174
 23051 	9220       	0.314538     	0.342325
 23101 	9240       	0.313766     	0.341675
 23151 	9260       	0.313657     	0.342903
 23201 	9280       	0.314062     	0.342778
 23251 	9300       	0.314351     	0.342384
 23301 	9320       	0.313188     	0.341956
 23351 	9340       	0.313257     	0.3413
 23401 	9360       	0.312653     	0.34052
 23451 	9380       	0.312375     	0.340767
 23501 	9400       	0.313162     	0.341292
 23551 	9420       	0.312954     	0.340665
 23601 	9440       	0.312119     	0.340524
 23651 	9460       	0.311358     	0.341122
 23701 	9480       	0.312342     	0.341011
 23751 	9500       	0.312398     	0.340796
 23801 	9520       	0.310458     	0.341318
 23851 	9540       	0.311884     	0.34049
 23901 	9560       	0.311632     	0.340491
 23951 	9580       	0.311398     	0.33992
 24001 	9600       	0.31086     	0.340039
 24051 	9620       	0.31207     	0.340666
 24101 	9640       	0.310258     	0.339519
 24151 	9660       	0.309671     	0.340295
 24201 	9680       	0.310515     	0.339649
 24251 	9700       	0.310394     	0.339956
 24301 	9720       	0.310252     	0.339539
 24351 	9740       	0.31082     	0.339731
 24401 	9760       	0.310327     	0.338783
 24451 	9780       	0.309952     	0.338762
 24501 	9800       	0.31042     	0.338631
 24551 	9820       	0.310022     	0.339189
 24601 	9840       	0.309894     	0.338782
 24651 	9860       	0.309813     	0.338069
 24701 	9880       	0.308953     	0.337743
 24751 	9900       	0.308947     	0.33774
 24801 	9920       	0.309484     	0.338039
 24851 	9940       	0.308444     	0.338076
 24901 	9960       	0.308599     	0.339051
 24951 	9980       	0.308435     	0.337521
 25001 	10000       	0.308669     	0.33843
 25051 	10020       	0.308018     	0.337801
 25101 	10040       	0.308849     	0.337284
 25151 	10060       	0.308759     	0.338331
 25201 	10080       	0.307544     	0.336762
 25251 	10100       	0.309123     	0.337971
 25301 	10120       	0.306559     	0.33656
 25351 	10140       	0.308755     	0.336728
 25401 	10160       	0.307689     	0.337736
 25451 	10180       	0.306708     	0.336733
 25501 	10200       	0.307558     	0.336764
 25551 	10220       	0.307365     	0.337275
 25601 	10240       	0.306507     	0.336656
 25651 	10260       	0.307927     	0.337103
 25701 	10280       	0.307186     	0.336375
 25751 	10300       	0.307086     	0.335929
 25801 	10320       	0.306973     	0.335844
 25851 	10340       	0.306278     	0.33576
 25901 	10360       	0.30686     	0.335944
 25951 	10380       	0.306278     	0.335735
 26001 	10400       	0.306476     	0.337474
 26051 	10420       	0.306976     	0.3363
 26101 	10440       	0.306831     	0.336561
 26151 	10460       	0.306079     	0.33665
 26201 	10480       	0.305766     	0.33497
 26251 	10500       	0.306466     	0.335667
 26301 	10520       	0.30676     	0.335766
 26351 	10540       	0.30525     	0.335149
 26401 	10560       	0.305417     	0.335377
 26451 	10580       	0.305242     	0.334105
 26501 	10600       	0.305126     	0.334491
 26551 	10620       	0.305126     	0.33466
 26601 	10640       	0.304416     	0.333866
 26651 	10660       	0.303943     	0.333265
 26701 	10680       	0.304402     	0.333663
 26751 	10700       	0.304352     	0.333678
 26801 	10720       	0.30421     	0.334894
 26851 	10740       	0.305501     	0.334185
 26901 	10760       	0.303701     	0.333738
 26951 	10780       	0.304272     	0.334374
 27001 	10800       	0.305015     	0.333914
 27051 	10820       	0.3037     	0.334494
 27101 	10840       	0.304331     	0.333567
 27151 	10860       	0.303836     	0.333253
 27201 	10880       	0.304438     	0.33396
 27251 	10900       	0.303446     	0.333507
 27301 	10920       	0.303207     	0.333086
 27351 	10940       	0.303595     	0.334238
 27401 	10960       	0.303046     	0.333011
 27451 	10980       	0.303014     	0.333008
 27501 	11000       	0.302379     	0.333146
 27551 	11020       	0.303135     	0.33376
 27601 	11040       	0.30292     	0.33376
 27651 	11060       	0.303482     	0.33331
 27701 	11080       	0.302259     	0.332942
 27751 	11100       	0.302854     	0.331953
 27801 	11120       	0.301939     	0.332385
 27851 	11140       	0.302138     	0.332696
 27901 	11160       	0.30233     	0.332353
 27951 	11180       	0.30174     	0.333023
 28001 	11200       	0.301403     	0.332244
 28051 	11220       	0.301603     	0.33216
 28101 	11240       	0.302589     	0.333526
 28151 	11260       	0.3016     	0.332286
 28201 	11280       	0.301762     	0.332302
 28251 	11300       	0.301887     	0.333061
 28301 	11320       	0.302027     	0.331535
 28351 	11340       	0.30163     	0.331268
 28401 	11360       	0.300969     	0.331682
 28451 	11380       	0.301312     	0.332407
 28501 	11400       	0.301385     	0.330945
 28551 	11420       	0.301764     	0.33114
 28601 	11440       	0.30094     	0.331707
 28651 	11460       	0.30108     	0.331838
 28701 	11480       	0.301606     	0.331752
 28751 	11500       	0.300601     	0.330569
 28801 	11520       	0.300903     	0.330988
 28851 	11540       	0.30102     	0.331115
 28901 	11560       	0.301807     	0.331266
 28951 	11580       	0.29936     	0.330867
 29001 	11600       	0.299765     	0.329535
 29051 	11620       	0.301141     	0.330945
 29101 	11640       	0.300169     	0.331065
 29151 	11660       	0.300086     	0.329913
 29201 	11680       	0.300367     	0.330066
 29251 	11700       	0.300339     	0.330685
 29301 	11720       	0.29939     	0.329332
 29351 	11740       	0.299981     	0.328369
 29401 	11760       	0.298986     	0.330312
 29451 	11780       	0.300424     	0.332031
 29501 	11800       	0.300591     	0.329817
 29551 	11820       	0.299576     	0.330542
 29601 	11840       	0.300161     	0.330169
 29651 	11860       	0.297971     	0.329362
 29701 	11880       	0.299254     	0.330557
 29751 	11900       	0.299487     	0.329876
 29801 	11920       	0.298074     	0.329424
 29851 	11940       	0.298929     	0.329803
 29901 	11960       	0.300061     	0.33032
 29951 	11980       	0.298112     	0.328078
 30001 	12000       	0.29908     	0.328948
 30051 	12020       	0.299185     	0.329052
 30101 	12040       	0.299062     	0.330137
 30151 	12060       	0.298775     	0.329336
 30201 	12080       	0.299719     	0.329009
 30251 	12100       	0.298836     	0.329852
 30301 	12120       	0.298947     	0.329871
 30351 	12140       	0.299279     	0.329751
 30401 	12160       	0.29823     	0.329118
 30451 	12180       	0.298477     	0.329436
 30501 	12200       	0.298306     	0.329247
 30551 	12220       	0.297528     	0.328699
 30601 	12240       	0.298149     	0.329274
 30651 	12260       	0.29834     	0.328907
 30701 	12280       	0.297156     	0.328241
 30751 	12300       	0.296155     	0.327377
 30801 	12320       	0.298618     	0.328952
 30851 	12340       	0.297716     	0.329186
 30901 	12360       	0.297651     	0.328039
 30951 	12380       	0.297443     	0.327245
 31001 	12400       	0.297781     	0.328081
 31051 	12420       	0.298566     	0.328598
 31101 	12440       	0.297749     	0.328948
 31151 	12460       	0.298235     	0.328558
 31201 	12480       	0.297201     	0.326794
 31251 	12500       	0.297738     	0.327817
 31301 	12520       	0.296791     	0.328327
 31351 	12540       	0.296187     	0.327197
 31401 	12560       	0.297171     	0.327849
 31451 	12580       	0.296949     	0.328304
 31501 	12600       	0.297216     	0.328062
 31551 	12620       	0.297021     	0.327603
 31601 	12640       	0.297732     	0.327834
 31651 	12660       	0.295986     	0.326384
 31701 	12680       	0.297613     	0.327939
 31751 	12700       	0.296789     	0.327749
 31801 	12720       	0.296333     	0.327693
 31851 	12740       	0.295683     	0.32621
 31901 	12760       	0.295759     	0.327426
 31951 	12780       	0.29617     	0.326956
 32001 	12800       	0.295234     	0.326259
 32051 	12820       	0.294879     	0.32661
 32101 	12840       	0.294991     	0.326928
 32151 	12860       	0.295712     	0.327535
 32201 	12880       	0.296308     	0.326013
 32251 	12900       	0.296901     	0.327151
 32301 	12920       	0.296062     	0.326338
 32351 	12940       	0.295999     	0.325983
 32401 	12960       	0.295204     	0.325155
 32451 	12980       	0.295665     	0.325807
 32501 	13000       	0.29552     	0.32547
 32551 	13020       	0.296345     	0.32604
 32601 	13040       	0.295197     	0.325062
 32651 	13060       	0.295575     	0.327023
 32701 	13080       	0.295607     	0.326046
 32751 	13100       	0.294606     	0.325468
 32801 	13120       	0.295952     	0.326446
 32851 	13140       	0.294933     	0.325085
 32901 	13160       	0.294222     	0.325741
 32951 	13180       	0.295511     	0.326112
 33001 	13200       	0.295092     	0.325413
 33051 	13220       	0.294534     	0.326221
 33101 	13240       	0.294682     	0.32458
 33151 	13260       	0.295134     	0.325804
 33201 	13280       	0.294317     	0.324633
 33251 	13300       	0.294793     	0.325052
 33301 	13320       	0.294923     	0.325705
 33351 	13340       	0.294995     	0.325726
 33401 	13360       	0.295151     	0.325289
 33451 	13380       	0.293662     	0.324901
 33501 	13400       	0.294669     	0.325478
 33551 	13420       	0.293881     	0.32523
 33601 	13440       	0.293812     	0.325903
 33651 	13460       	0.294129     	0.324826
 33701 	13480       	0.293624     	0.324961
 33751 	13500       	0.294358     	0.324381
 33801 	13520       	0.293344     	0.324861
 33851 	13540       	0.294062     	0.325262
 33901 	13560       	0.294298     	0.325347
 33951 	13580       	0.293482     	0.325073
 34001 	13600       	0.293359     	0.324331
 34051 	13620       	0.293511     	0.324265
 34101 	13640       	0.293798     	0.32493
 34151 	13660       	0.293247     	0.324752
 34201 	13680       	0.294215     	0.325103
 34251 	13700       	0.292802     	0.323423
 34301 	13720       	0.294115     	0.324991
 34351 	13740       	0.293347     	0.325419
 34401 	13760       	0.294055     	0.324164
 34451 	13780       	0.292823     	0.323043
 34501 	13800       	0.293289     	0.323795
 34551 	13820       	0.292849     	0.324203
 34601 	13840       	0.293272     	0.32456
 34651 	13860       	0.294055     	0.32442
 34701 	13880       	0.293928     	0.325498
 34751 	13900       	0.292119     	0.32363
 34801 	13920       	0.29262     	0.324291
 34851 	13940       	0.292772     	0.322779
 34901 	13960       	0.293305     	0.324471
 34951 	13980       	0.292265     	0.324092
 35001 	14000       	0.292628     	0.324431
 35051 	14020       	0.293117     	0.324797
 35101 	14040       	0.292616     	0.324136
 35151 	14060       	0.293455     	0.325237
 35201 	14080       	0.292546     	0.325142
 35251 	14100       	0.292715     	0.324593
 35301 	14120       	0.293214     	0.323574
 35351 	14140       	0.29263     	0.324163
 35401 	14160       	0.293228     	0.324421
 35451 	14180       	0.292618     	0.323834
 35501 	14200       	0.292687     	0.321818
 35551 	14220       	0.292816     	0.323739
 35601 	14240       	0.29175     	0.323286
 35651 	14260       	0.292066     	0.323533
 35701 	14280       	0.292838     	0.323855
 35751 	14300       	0.292516     	0.323172
 35801 	14320       	0.291154     	0.323358
 35851 	14340       	0.292424     	0.323254
 35901 	14360       	0.29173     	0.324096
 35951 	14380       	0.291814     	0.324461
 36001 	14400       	0.292666     	0.323859
 36051 	14420       	0.291191     	0.322294
 36101 	14440       	0.291091     	0.323298
 36151 	14460       	0.29233     	0.322999
 36201 	14480       	0.290895     	0.324097
 36251 	14500       	0.292025     	0.323791
 36301 	14520       	0.291509     	0.322411
 36351 	14540       	0.291676     	0.323277
 36401 	14560       	0.292015     	0.32362
 36451 	14580       	0.293039     	0.323336
 36501 	14600       	0.291962     	0.322855
 36551 	14620       	0.290982     	0.322973
 36601 	14640       	0.292862     	0.323831
 36651 	14660       	0.290543     	0.32215
 36701 	14680       	0.29081     	0.322058
 36751 	14700       	0.291621     	0.322684
 36801 	14720       	0.290191     	0.323458
 36851 	14740       	0.292322     	0.321908
 36901 	14760       	0.291099     	0.322014
 36951 	14780       	0.29124     	0.322424
 37001 	14800       	0.291879     	0.321578
 37051 	14820       	0.290966     	0.321522
 37101 	14840       	0.29045     	0.322596
 37151 	14860       	0.289779     	0.321005
 37201 	14880       	0.290792     	0.322783
 37251 	14900       	0.291432     	0.322432
 37301 	14920       	0.290951     	0.321767
 37351 	14940       	0.29035     	0.321983
 37401 	14960       	0.290602     	0.32186
 37451 	14980       	0.290902     	0.322787
 37501 	15000       	0.291216     	0.322527
 37551 	15020       	0.29055     	0.320715
 37601 	15040       	0.29002     	0.32262
 37651 	15060       	0.291417     	0.322375
 37701 	15080       	0.290901     	0.321512
 37751 	15100       	0.290487     	0.321822
 37801 	15120       	0.289968     	0.321706
 37851 	15140       	0.291209     	0.32205
 37901 	15160       	0.290205     	0.321682
 37951 	15180       	0.290463     	0.321721
 38001 	15200       	0.290883     	0.321799
 38051 	15220       	0.290451     	0.321814
 38101 	15240       	0.290486     	0.321637
 38151 	15260       	0.290608     	0.323513
 38201 	15280       	0.28882     	0.321477
 38251 	15300       	0.289241     	0.321119
 38301 	15320       	0.290885     	0.321263
 38351 	15340       	0.290495     	0.321277
 38401 	15360       	0.289768     	0.321381
 38451 	15380       	0.290161     	0.321688
 38501 	15400       	0.290445     	0.319904
 38551 	15420       	0.290215     	0.322238
 38601 	15440       	0.290782     	0.321389
 38651 	15460       	0.28954     	0.321183
 38701 	15480       	0.28937     	0.319638
 38751 	15500       	0.289598     	0.321292
 38801 	15520       	0.290047     	0.321098
 38851 	15540       	0.290268     	0.321445
 38901 	15560       	0.290153     	0.32084
 38951 	15580       	0.290079     	0.321186
 39001 	15600       	0.288927     	0.321283
 39051 	15620       	0.289528     	0.321331
 39101 	15640       	0.289763     	0.322495
 39151 	15660       	0.289489     	0.321354
 39201 	15680       	0.288857     	0.321682
 39251 	15700       	0.28944     	0.320828
 39301 	15720       	0.290314     	0.32016
 39351 	15740       	0.289031     	0.320486
 39401 	15760       	0.289238     	0.321428
 39451 	15780       	0.289525     	0.320865
 39501 	15800       	0.289206     	0.320503
 39551 	15820       	0.28906     	0.320782
 39601 	15840       	0.288125     	0.318848
 39651 	15860       	0.289252     	0.31998
 39701 	15880       	0.289181     	0.321084
 39751 	15900       	0.289206     	0.320176
 39801 	15920       	0.288309     	0.320574
 39851 	15940       	0.289026     	0.321044
 39901 	15960       	0.289162     	0.320279
 39951 	15980       	0.287921     	0.319101
 40001 	16000       	0.288771     	0.321061
 40051 	16020       	0.288141     	0.320064
 40101 	16040       	0.289408     	0.320701
 40151 	16060       	0.289515     	0.320322
 40201 	16080       	0.288997     	0.320303
 40251 	16100       	0.288847     	0.320152
 40301 	16120       	0.287969     	0.320818
 40351 	16140       	0.288405     	0.320061
 40401 	16160       	0.288675     	0.321431
 40451 	16180       	0.29004     	0.319996
 40501 	16200       	0.288826     	0.32047
 40551 	16220       	0.285695     	0.319659
 40601 	16240       	0.288154     	0.320958
 40651 	16260       	0.288149     	0.320476
 40701 	16280       	0.288298     	0.319206
 40751 	16300       	0.287728     	0.320367
 40801 	16320       	0.287779     	0.319529
 40851 	16340       	0.287865     	0.319748
 40901 	16360       	0.288901     	0.31981
 40951 	16380       	0.288731     	0.321336
 41001 	16400       	0.28786     	0.319058
 41051 	16420       	0.288475     	0.320985
 41101 	16440       	0.289255     	0.319985
 41151 	16460       	0.287508     	0.320252
 41201 	16480       	0.288249     	0.319563
 41251 	16500       	0.288946     	0.319618
 41301 	16520       	0.287607     	0.320827
 41351 	16540       	0.287818     	0.319128
 41401 	16560       	0.288035     	0.319915
 41451 	16580       	0.289442     	0.321019
 41501 	16600       	0.286023     	0.318792
 41551 	16620       	0.287664     	0.319624
 41601 	16640       	0.287733     	0.31963
 41651 	16660       	0.287617     	0.319838
 41701 	16680       	0.288406     	0.319396
 41751 	16700       	0.288426     	0.319772
 41801 	16720       	0.288002     	0.318843
 41851 	16740       	0.288111     	0.318701
 41901 	16760       	0.288463     	0.319408
 41951 	16780       	0.287215     	0.31958
 42001 	16800       	0.288634     	0.319291
 42051 	16820       	0.28822     	0.320483
 42101 	16840       	0.287159     	0.319244
 42151 	16860       	0.287276     	0.318542
 42201 	16880       	0.287701     	0.318342
 42251 	16900       	0.287888     	0.31864
 42301 	16920       	0.287767     	0.320338
 42351 	16940       	0.28694     	0.320593
 42401 	16960       	0.287279     	0.318814
 42451 	16980       	0.287102     	0.317823
 42501 	17000       	0.287869     	0.319177
 42551 	17020       	0.287504     	0.319082
 42601 	17040       	0.286471     	0.319441
 42651 	17060       	0.287852     	0.319572
 42701 	17080       	0.288491     	0.319268
 42751 	17100       	0.288141     	0.319465
 42801 	17120       	0.286497     	0.318977
 42851 	17140       	0.28731     	0.319415
 42901 	17160       	0.287442     	0.320256
 42951 	17180       	0.286687     	0.31929
 43001 	17200       	0.287162     	0.317952
 43051 	17220       	0.287282     	0.318197
 43101 	17240       	0.28671     	0.318976
 43151 	17260       	0.28778     	0.319331
 43201 	17280       	0.2868     	0.317787
 43251 	17300       	0.287279     	0.318939
 43301 	17320       	0.287188     	0.317557
 43351 	17340       	0.287782     	0.319555
 43401 	17360       	0.288753     	0.320396
 43451 	17380       	0.286258     	0.319365
 43501 	17400       	0.286616     	0.319676
 43551 	17420       	0.286834     	0.318242
 43601 	17440       	0.285967     	0.319673
 43651 	17460       	0.286148     	0.318597
 43701 	17480       	0.287219     	0.319304
 43751 	17500       	0.286793     	0.317846
 43801 	17520       	0.286778     	0.318346
 43851 	17540       	0.286568     	0.318557
 43901 	17560       	0.286375     	0.317737
 43951 	17580       	0.28643     	0.318485
 44001 	17600       	0.286801     	0.318182
 44051 	17620       	0.28607     	0.318616
 44101 	17640       	0.286958     	0.31801
 44151 	17660       	0.286986     	0.316487
 44201 	17680       	0.28648     	0.318048
 44251 	17700       	0.286956     	0.318443
 44301 	17720       	0.286077     	0.318158
 44351 	17740       	0.285864     	0.318166
 44401 	17760       	0.287025     	0.318472
 44451 	17780       	0.286469     	0.318162
 44501 	17800       	0.286706     	0.318346
 44551 	17820       	0.286835     	0.318513
 44601 	17840       	0.286487     	0.317898
 44651 	17860       	0.286527     	0.319528
 44701 	17880       	0.286095     	0.317347
 44751 	17900       	0.287298     	0.317856
 44801 	17920       	0.287131     	0.317666
 44851 	17940       	0.285772     	0.318321
 44901 	17960       	0.286423     	0.31882
 44951 	17980       	0.28646     	0.318792
 45001 	18000       	0.286286     	0.318955
 45051 	18020       	0.286726     	0.318285
 45101 	18040       	0.285716     	0.316549
 45151 	18060       	0.28621     	0.317384
 45201 	18080       	0.286393     	0.318908
 45251 	18100       	0.286055     	0.317241
 45301 	18120       	0.285725     	0.318317
 45351 	18140       	0.286646     	0.318782
 45401 	18160       	0.286474     	0.317292
 45451 	18180       	0.285998     	0.319358
 45501 	18200       	0.285001     	0.31812
 45551 	18220       	0.286594     	0.317357
 45601 	18240       	0.286132     	0.317753
 45651 	18260       	0.285639     	0.31685
 45701 	18280       	0.286459     	0.319067
 45751 	18300       	0.285268     	0.316634
 45801 	18320       	0.285966     	0.316711
 45851 	18340       	0.286265     	0.318088
 45901 	18360       	0.285827     	0.318039
 45951 	18380       	0.285853     	0.317795
 46001 	18400       	0.286352     	0.318117
 46051 	18420       	0.28525     	0.317822
 46101 	18440       	0.285685     	0.316857
 46151 	18460       	0.285277     	0.317355
 46201 	18480       	0.284988     	0.31732
 46251 	18500       	0.285687     	0.317573
 46301 	18520       	0.286637     	0.316773
 46351 	18540       	0.285736     	0.31845
 46401 	18560       	0.286402     	0.318593
 46451 	18580       	0.284227     	0.317298
 46501 	18600       	0.286149     	0.31821
 46551 	18620       	0.285961     	0.316249
 46601 	18640       	0.286278     	0.317762
 46651 	18660       	0.285934     	0.318129
 46701 	18680       	0.285647     	0.316561
 46751 	18700       	0.28587     	0.317332
 46801 	18720       	0.285861     	0.317334
 46851 	18740       	0.28434     	0.317791
 46901 	18760       	0.285696     	0.317571
 46951 	18780       	0.285528     	0.317055
 47001 	18800       	0.286383     	0.318229
 47051 	18820       	0.284786     	0.317809
 47101 	18840       	0.285264     	0.317189
 47151 	18860       	0.285489     	0.317877
 47201 	18880       	0.285597     	0.317527
 47251 	18900       	0.285346     	0.316918
 47301 	18920       	0.285708     	0.316629
 47351 	18940       	0.285301     	0.316777
 47401 	18960       	0.284144     	0.316843
 47451 	18980       	0.285021     	0.31699
 47501 	19000       	0.285913     	0.317489
 47551 	19020       	0.285027     	0.317857
 47601 	19040       	0.284885     	0.317149
 47651 	19060       	0.2851     	0.317126
 47701 	19080       	0.285875     	0.317134
 47751 	19100       	0.284957     	0.316535
 47801 	19120       	0.284308     	0.315756
 47851 	19140       	0.285299     	0.316959
 47901 	19160       	0.284956     	0.317194
 47951 	19180       	0.28511     	0.316193
 48001 	19200       	0.285773     	0.316691
 48051 	19220       	0.285673     	0.315949
 48101 	19240       	0.284344     	0.315653
 48151 	19260       	0.285437     	0.316983
 48201 	19280       	0.28511     	0.315999
 48251 	19300       	0.285601     	0.317038
 48301 	19320       	0.284671     	0.317015
 48351 	19340       	0.28445     	0.316919
 48401 	19360       	0.284362     	0.317345
 48451 	19380       	0.285225     	0.317838
 48501 	19400       	0.286067     	0.316951
 48551 	19420       	0.285441     	0.316138
 48601 	19440       	0.284714     	0.316652
 48651 	19460       	0.283885     	0.315321
 48701 	19480       	0.28509     	0.316537
 48751 	19500       	0.284986     	0.316748
 48801 	19520       	0.283978     	0.316784
 48851 	19540       	0.285152     	0.315632
 48901 	19560       	0.284326     	0.316624
 48951 	19580       	0.285021     	0.315537
 49001 	19600       	0.284754     	0.316913
 49051 	19620       	0.285004     	0.317711
 49101 	19640       	0.284863     	0.316848
 49151 	19660       	0.284925     	0.31501
 49201 	19680       	0.284902     	0.317314
 49251 	19700       	0.283921     	0.317163
 49301 	19720       	0.283368     	0.315285
 49351 	19740       	0.283788     	0.316262
 49401 	19760       	0.284167     	0.315257
 49451 	19780       	0.284672     	0.316971
 49501 	19800       	0.284318     	0.31683
 49551 	19820       	0.28448     	0.316032
 49601 	19840       	0.284757     	0.315866
 49651 	19860       	0.284312     	0.316146
 49701 	19880       	0.284269     	0.315911
 49751 	19900       	0.284772     	0.316096
 49801 	19920       	0.285633     	0.316724
 49851 	19940       	0.285703     	0.315258
 49901 	19960       	0.283563     	0.315823
 49951 	19980       	0.284871     	0.316218
 50001 	20000       	0.283663     	0.316808
 50051 	20020       	0.284001     	0.315862
 50101 	20040       	0.283315     	0.316175
 50151 	20060       	0.284405     	0.31661
 50201 	20080       	0.284376     	0.315572
 50251 	20100       	0.284101     	0.315406
 50301 	20120       	0.284166     	0.315774
 50351 	20140       	0.283853     	0.316084
 50401 	20160       	0.283614     	0.31515
 50451 	20180       	0.283818     	0.315765
 50501 	20200       	0.284384     	0.316179
 50551 	20220       	0.283421     	0.315621
 50601 	20240       	0.284681     	0.317205
 50651 	20260       	0.285025     	0.315586
 50701 	20280       	0.283808     	0.316128
 50751 	20300       	0.283858     	0.316403
 50801 	20320       	0.284021     	0.315592
 50851 	20340       	0.283683     	0.315933
 50901 	20360       	0.284131     	0.316292
 50951 	20380       	0.283234     	0.315053
 51001 	20400       	0.283681     	0.316399
 51051 	20420       	0.283237     	0.317137
 51101 	20440       	0.284632     	0.315265
 51151 	20460       	0.284782     	0.315656
 51201 	20480       	0.283364     	0.315231
 51251 	20500       	0.283352     	0.315076
 51301 	20520       	0.283833     	0.314987
 51351 	20540       	0.283933     	0.315746
 51401 	20560       	0.283959     	0.315719
 51451 	20580       	0.284072     	0.316656
 51501 	20600       	0.284797     	0.3156
 51551 	20620       	0.283534     	0.315422
 51601 	20640       	0.283661     	0.316145
 51651 	20660       	0.283139     	0.314851
 51701 	20680       	0.284425     	0.316567
 51751 	20700       	0.284684     	0.315989
 51801 	20720       	0.284386     	0.317403
 51851 	20740       	0.284405     	0.316306
 51901 	20760       	0.284082     	0.315391
 51951 	20780       	0.283459     	0.316145
 52001 	20800       	0.283801     	0.316787
 52051 	20820       	0.283754     	0.316154
 52101 	20840       	0.28343     	0.315249
 52151 	20860       	0.284354     	0.317236
 52201 	20880       	0.284376     	0.315472
 52251 	20900       	0.282487     	0.314483
 52301 	20920       	0.283496     	0.31473
 52351 	20940       	0.2836     	0.315642
 52401 	20960       	0.283826     	0.316172
 52451 	20980       	0.284716     	0.315861
 52501 	21000       	0.283169     	0.315581
 52551 	21020       	0.282871     	0.314474
 52601 	21040       	0.282641     	0.316327
 52651 	21060       	0.284239     	0.315756
 52701 	21080       	0.283397     	0.316402
 52751 	21100       	0.282521     	0.315029
 52801 	21120       	0.283699     	0.314993
 52851 	21140       	0.283497     	0.316132
 52901 	21160       	0.283036     	0.314625
 52951 	21180       	0.283007     	0.31478
 53001 	21200       	0.283587     	0.316489
 53051 	21220       	0.283422     	0.31564
 53101 	21240       	0.283468     	0.315706
 53151 	21260       	0.284613     	0.315248
 53201 	21280       	0.281988     	0.31453
 53251 	21300       	0.283382     	0.315015
 53301 	21320       	0.284296     	0.314695
 53351 	21340       	0.283515     	0.314826
 53401 	21360       	0.283426     	0.314297
 53451 	21380       	0.282569     	0.315042
 53501 	21400       	0.283726     	0.315956
 53551 	21420       	0.283885     	0.315814
 53601 	21440       	0.28396     	0.315801
 53651 	21460       	0.283952     	0.316076
 53701 	21480       	0.283841     	0.315192
 53751 	21500       	0.283326     	0.315102
 53801 	21520       	0.283607     	0.315056
 53851 	21540       	0.283356     	0.315904
 53901 	21560       	0.28368     	0.315958
 53951 	21580       	0.283006     	0.314445
 54001 	21600       	0.283209     	0.31448
 54051 	21620       	0.283497     	0.315501
 54101 	21640       	0.283019     	0.315599
 54151 	21660       	0.284284     	0.315512
 54201 	21680       	0.283408     	0.315451
 54251 	21700       	0.281998     	0.314288
 54301 	21720       	0.284099     	0.314327
 54351 	21740       	0.282945     	0.316631
 54401 	21760       	0.283602     	0.315509
 54451 	21780       	0.282657     	0.315397
 54501 	21800       	0.2836     	0.314787
 54551 	21820       	0.28322     	0.314593
 54601 	21840       	0.282937     	0.315273
 54651 	21860       	0.282539     	0.314528
 54701 	21880       	0.282661     	0.313663
 54751 	21900       	0.282991     	0.314035
 54801 	21920       	0.283217     	0.314845
 54851 	21940       	0.28334     	0.315075
 54901 	21960       	0.282984     	0.315795
 54951 	21980       	0.282364     	0.31395
 55001 	22000       	0.283132     	0.314107
 55051 	22020       	0.282688     	0.314524
 55101 	22040       	0.283688     	0.315023
 55151 	22060       	0.282324     	0.315132
 55201 	22080       	0.28256     	0.314765
 55251 	22100       	0.283013     	0.314808
 55301 	22120       	0.282159     	0.314649
 55351 	22140       	0.283109     	0.315179
 55401 	22160       	0.283023     	0.314689
 55451 	22180       	0.282426     	0.314231
 55501 	22200       	0.282878     	0.315156
 55551 	22220       	0.283472     	0.315353
 55601 	22240       	0.282997     	0.315149
 55651 	22260       	0.283381     	0.314797
 55701 	22280       	0.282956     	0.314581
 55751 	22300       	0.28405     	0.315668
 55801 	22320       	0.283708     	0.315028
 55851 	22340       	0.282891     	0.314754
 55901 	22360       	0.283234     	0.316669
 55951 	22380       	0.283628     	0.316111
 56001 	22400       	0.282494     	0.314678
 56051 	22420       	0.282493     	0.314298
 56101 	22440       	0.282524     	0.314956
 56151 	22460       	0.28216     	0.314286
 56201 	22480       	0.281869     	0.313088
 56251 	22500       	0.28347     	0.314545
 56301 	22520       	0.283734     	0.315196
 56351 	22540       	0.282222     	0.313464
 56401 	22560       	0.282925     	0.314663
 56451 	22580       	0.283297     	0.314333
 56501 	22600       	0.283221     	0.314874
 56551 	22620       	0.283056     	0.314319
 56601 	22640       	0.282448     	0.315468
 56651 	22660       	0.283069     	0.314369
 56701 	22680       	0.28263     	0.314959
 56751 	22700       	0.28304     	0.313662
 56801 	22720       	0.282873     	0.314303
 56851 	22740       	0.283351     	0.315062
 56901 	22760       	0.282422     	0.315018
 56951 	22780       	0.283033     	0.313946
 57001 	22800       	0.282074     	0.313409
 57051 	22820       	0.281687     	0.314176
 57101 	22840       	0.282852     	0.314926
 57151 	22860       	0.282459     	0.314386
 57201 	22880       	0.282104     	0.315237
 57251 	22900       	0.282925     	0.315224
 57301 	22920       	0.282695     	0.315697
 57351 	22940       	0.282354     	0.314322
 57401 	22960       	0.281544     	0.314734
 57451 	22980       	0.281616     	0.314295
 57501 	23000       	0.282673     	0.315007
 57551 	23020       	0.282949     	0.315275
 57601 	23040       	0.282332     	0.314332
 57651 	23060       	0.281275     	0.313658
 57701 	23080       	0.282257     	0.314564
 57751 	23100       	0.282496     	0.314716
 57801 	23120       	0.281892     	0.314145
 57851 	23140       	0.282006     	0.314862
 57901 	23160       	0.283399     	0.314936
 57951 	23180       	0.282584     	0.313924
 58001 	23200       	0.282949     	0.313403
 58051 	23220       	0.283016     	0.314974
 58101 	23240       	0.283055     	0.315381
 58151 	23260       	0.281348     	0.314933
 58201 	23280       	0.282515     	0.315937
 58251 	23300       	0.282257     	0.315679
 58301 	23320       	0.283116     	0.314203
 58351 	23340       	0.282561     	0.313786
 58401 	23360       	0.28258     	0.314616
 58451 	23380       	0.282307     	0.314022
 58501 	23400       	0.282685     	0.315074
 58551 	23420       	0.282727     	0.31443
 58601 	23440       	0.282738     	0.315072
 58651 	23460       	0.282438     	0.31434
 58701 	23480       	0.282185     	0.315017
 58751 	23500       	0.282346     	0.314227
 58801 	23520       	0.281482     	0.314267
 58851 	23540       	0.282129     	0.315019
 58901 	23560       	0.281276     	0.313376
 58951 	23580       	0.281386     	0.313529
 59001 	23600       	0.282584     	0.314571
 59051 	23620       	0.282368     	0.31433
 59101 	23640       	0.282323     	0.314189
 59151 	23660       	0.282398     	0.314021
 59201 	23680       	0.281596     	0.316174
 59251 	23700       	0.281568     	0.313423
 59301 	23720       	0.281979     	0.313856
 59351 	23740       	0.2821     	0.314579
 59401 	23760       	0.281768     	0.314613
 59451 	23780       	0.282027     	0.314481
 59501 	23800       	0.281585     	0.313853
 59551 	23820       	0.282117     	0.313836
 59601 	23840       	0.283426     	0.315464
 59651 	23860       	0.282881     	0.314266
 59701 	23880       	0.28283     	0.314857
 59751 	23900       	0.28123     	0.314599
 59801 	23920       	0.28209     	0.313791
 59851 	23940       	0.281365     	0.313338
 59901 	23960       	0.282517     	0.313123
 59951 	23980       	0.282605     	0.313812
 60001 	24000       	0.280829     	0.313736
 60051 	24020       	0.282161     	0.31462
 60101 	24040       	0.281459     	0.314513
 60151 	24060       	0.281335     	0.312856
 60201 	24080       	0.282526     	0.313315
 60251 	24100       	0.281398     	0.313292
 60301 	24120       	0.281615     	0.31386
 60351 	24140       	0.282159     	0.314653
 60401 	24160       	0.282225     	0.313724
 60451 	24180       	0.2812     	0.313358
 60501 	24200       	0.281039     	0.313745
 60551 	24220       	0.281055     	0.312028
 60601 	24240       	0.282856     	0.314614
 60651 	24260       	0.282765     	0.314083
 60701 	24280       	0.282335     	0.313876
 60751 	24300       	0.282327     	0.314851
 60801 	24320       	0.281837     	0.314429
 60851 	24340       	0.282586     	0.314102
 60901 	24360       	0.281716     	0.313814
 60951 	24380       	0.282676     	0.313608
 61001 	24400       	0.281439     	0.313488
 61051 	24420       	0.281432     	0.315609
 61101 	24440       	0.281526     	0.313833
 61151 	24460       	0.281082     	0.314058
 61201 	24480       	0.282566     	0.313488
 61251 	24500       	0.281612     	0.312508
 61301 	24520       	0.281655     	0.314404
 61351 	24540       	0.281572     	0.313213
 61401 	24560       	0.281472     	0.314286
 61451 	24580       	0.281296     	0.313756
 61501 	24600       	0.280712     	0.312825
 61551 	24620       	0.281472     	0.315091
 61601 	24640       	0.282693     	0.313165
 61651 	24660       	0.281127     	0.313799
 61701 	24680       	0.282202     	0.313646
 61751 	24700       	0.280806     	0.312823
 61801 	24720       	0.280694     	0.31397
 61851 	24740       	0.282985     	0.314386
 61901 	24760       	0.281609     	0.314558
 61951 	24780       	0.280342     	0.313408
 62001 	24800       	0.281999     	0.313893
 62051 	24820       	0.282202     	0.313181
 62101 	24840       	0.281614     	0.313882
 62151 	24860       	0.281786     	0.314017
 62201 	24880       	0.282464     	0.314399
 62251 	24900       	0.280648     	0.313603
 62301 	24920       	0.280649     	0.312552
 62351 	24940       	0.281879     	0.31384
 62401 	24960       	0.281186     	0.314733
 62451 	24980       	0.28092     	0.313778
 62501 	25000       	0.283049     	0.313744
 62551 	25020       	0.281412     	0.313526
 62601 	25040       	0.280365     	0.312969
 62651 	25060       	0.281201     	0.312573
 62701 	25080       	0.281173     	0.313396
 62751 	25100       	0.28116     	0.313259
 62801 	25120       	0.281023     	0.313263
 62851 	25140       	0.281105     	0.314554
 62901 	25160       	0.282506     	0.313998
 62951 	25180       	0.280226     	0.313951
 63001 	25200       	0.281011     	0.313902
 63051 	25220       	0.280608     	0.312927
 63101 	25240       	0.28134     	0.313537
 63151 	25260       	0.281068     	0.313416
 63201 	25280       	0.280742     	0.31459
 63251 	25300       	0.282053     	0.313774
 63301 	25320       	0.280374     	0.312884
 63351 	25340       	0.281386     	0.314149
 63401 	25360       	0.281458     	0.313726
 63451 	25380       	0.281455     	0.314306
 63501 	25400       	0.282108     	0.314019
 63551 	25420       	0.280617     	0.313217
 63601 	25440       	0.281887     	0.313946
 63651 	25460       	0.282115     	0.314089
 63701 	25480       	0.281895     	0.312867
 63751 	25500       	0.281693     	0.312435
 63801 	25520       	0.280076     	0.313181
 63851 	25540       	0.281579     	0.313233
 63901 	25560       	0.281736     	0.315093
 63951 	25580       	0.281235     	0.312929
 64001 	25600       	0.281419     	0.31271
 64051 	25620       	0.281928     	0.312811
 64101 	25640       	0.280273     	0.312852
 64151 	25660       	0.281372     	0.313454
 64201 	25680       	0.280406     	0.311897
 64251 	25700       	0.281476     	0.313521
 64301 	25720       	0.280915     	0.31282
 64351 	25740       	0.282002     	0.315148
 64401 	25760       	0.281136     	0.313246
 64451 	25780       	0.281088     	0.313233
 64501 	25800       	0.280634     	0.313809
 64551 	25820       	0.281728     	0.311936
 64601 	25840       	0.281719     	0.313333
 64651 	25860       	0.280646     	0.313212
 64701 	25880       	0.281329     	0.313846
 64751 	25900       	0.281004     	0.313319
 64801 	25920       	0.281603     	0.31409
 64851 	25940       	0.280949     	0.313151
 64901 	25960       	0.28168     	0.314093
 64951 	25980       	0.28122     	0.313391
 65001 	26000       	0.282671     	0.313945
 65051 	26020       	0.280708     	0.311963
 65101 	26040       	0.281346     	0.313684
 65151 	26060       	0.28064     	0.313212
 65201 	26080       	0.281766     	0.314227
 65251 	26100       	0.280967     	0.31319
 65301 	26120       	0.280446     	0.312979
 65351 	26140       	0.281522     	0.313854
 65401 	26160       	0.281415     	0.312616
 65451 	26180       	0.280596     	0.314395
 65501 	26200       	0.280998     	0.312628
 65551 	26220       	0.281449     	0.312655
 65601 	26240       	0.280939     	0.313255
 65651 	26260       	0.281221     	0.313537
 65701 	26280       	0.28136     	0.313313
 65751 	26300       	0.281559     	0.313952
 65801 	26320       	0.281132     	0.313968
 65851 	26340       	0.280485     	0.313223
 65901 	26360       	0.281293     	0.313729
 65951 	26380       	0.281023     	0.313223
 66001 	26400       	0.281251     	0.313539
 66051 	26420       	0.28192     	0.312795
 66101 	26440       	0.280208     	0.312991
 66151 	26460       	0.281351     	0.313709
 66201 	26480       	0.281389     	0.312731
 66251 	26500       	0.280759     	0.312055
 66301 	26520       	0.281403     	0.313757
 66351 	26540       	0.28129     	0.3127
 66401 	26560       	0.280782     	0.313122
 66451 	26580       	0.281511     	0.314801
 66501 	26600       	0.281244     	0.313482
 66551 	26620       	0.281524     	0.313448
 66601 	26640       	0.28106     	0.313538
 66651 	26660       	0.280136     	0.312299
 66701 	26680       	0.280587     	0.312507
 66751 	26700       	0.279435     	0.312131
 66801 	26720       	0.281332     	0.312433
 66851 	26740       	0.280136     	0.311084
 66901 	26760       	0.28061     	0.311824
 66951 	26780       	0.280451     	0.31246
 67001 	26800       	0.282309     	0.313165
 67051 	26820       	0.28122     	0.314265
 67101 	26840       	0.281628     	0.313129
 67151 	26860       	0.281427     	0.312739
 67201 	26880       	0.280566     	0.312611
 67251 	26900       	0.280562     	0.313333
 67301 	26920       	0.280841     	0.313037
 67351 	26940       	0.280974     	0.312954
 67401 	26960       	0.280886     	0.313285
 67451 	26980       	0.280474     	0.314174
 67501 	27000       	0.28229     	0.313812
 67551 	27020       	0.279939     	0.312211
 67601 	27040       	0.280276     	0.313687
 67651 	27060       	0.280982     	0.312317
 67701 	27080       	0.281002     	0.312826
 67751 	27100       	0.281669     	0.313356
 67801 	27120       	0.280547     	0.312238
 67851 	27140       	0.280141     	0.313216
 67901 	27160       	0.28058     	0.312612
 67951 	27180       	0.281234     	0.312751
 68001 	27200       	0.281349     	0.313573
 68051 	27220       	0.282333     	0.31399
 68101 	27240       	0.280728     	0.314
 68151 	27260       	0.28062     	0.312677
 68201 	27280       	0.281017     	0.312842
 68251 	27300       	0.280878     	0.313332
 68301 	27320       	0.280824     	0.31231
 68351 	27340       	0.279379     	0.312243
 68401 	27360       	0.280092     	0.31164
 68451 	27380       	0.2811     	0.313135
 68501 	27400       	0.281466     	0.31197
 68551 	27420       	0.280308     	0.312864
 68601 	27440       	0.280817     	0.312494
 68651 	27460       	0.281288     	0.313289
 68701 	27480       	0.281233     	0.312927
 68751 	27500       	0.279464     	0.313498
 68801 	27520       	0.280995     	0.313438
 68851 	27540       	0.281023     	0.312359
 68901 	27560       	0.28118     	0.312747
 68951 	27580       	0.280341     	0.312642
 69001 	27600       	0.281115     	0.313429
 69051 	27620       	0.279805     	0.31196
 69101 	27640       	0.281298     	0.313535
 69151 	27660       	0.281588     	0.312501
 69201 	27680       	0.280034     	0.312984
 69251 	27700       	0.28161     	0.314543
 69301 	27720       	0.281     	0.313939
 69351 	27740       	0.280363     	0.313042
 69401 	27760       	0.280574     	0.313732
 69451 	27780       	0.280801     	0.3126
 69501 	27800       	0.280675     	0.31274
 69551 	27820       	0.280244     	0.313926
 69601 	27840       	0.281049     	0.313033
 69651 	27860       	0.279911     	0.312878
 69701 	27880       	0.280436     	0.313238
 69751 	27900       	0.280502     	0.313358
 69801 	27920       	0.279915     	0.31257
 69851 	27940       	0.280609     	0.313534
 69901 	27960       	0.281882     	0.313078
 69951 	27980       	0.279722     	0.311104
 70001 	28000       	0.281207     	0.312601
 70051 	28020       	0.2821     	0.312853
 70101 	28040       	0.280468     	0.31418
 70151 	28060       	0.280861     	0.312818
 70201 	28080       	0.281437     	0.312855
 70251 	28100       	0.281123     	0.313644
 70301 	28120       	0.280696     	0.312978
 70351 	28140       	0.281179     	0.313065
 70401 	28160       	0.28089     	0.312669
 70451 	28180       	0.281327     	0.313381
 70501 	28200       	0.280209     	0.312095
 70551 	28220       	0.280661     	0.312475
 70601 	28240       	0.279964     	0.31333
 70651 	28260       	0.279989     	0.312684
 70701 	28280       	0.280296     	0.31316
 70751 	28300       	0.280262     	0.312718
 70801 	28320       	0.280091     	0.310915
 70851 	28340       	0.280864     	0.313209
 70901 	28360       	0.280635     	0.313153
 70951 	28380       	0.280662     	0.311748
 71001 	28400       	0.279504     	0.311373
 71051 	28420       	0.280808     	0.311891
 71101 	28440       	0.280089     	0.312377
 71151 	28460       	0.280607     	0.312401
 71201 	28480       	0.279906     	0.313144
 71251 	28500       	0.280822     	0.311987
 71301 	28520       	0.279792     	0.311937
 71351 	28540       	0.280606     	0.312195
 71401 	28560       	0.280731     	0.312134
 71451 	28580       	0.280386     	0.313064
 71501 	28600       	0.280473     	0.313023
 71551 	28620       	0.281249     	0.312393
 71601 	28640       	0.280451     	0.313952
 71651 	28660       	0.279891     	0.312636
 71701 	28680       	0.280911     	0.311914
 71751 	28700       	0.280141     	0.313065
 71801 	28720       	0.279486     	0.312133
 71851 	28740       	0.280689     	0.312013
 71901 	28760       	0.280719     	0.312208
 71951 	28780       	0.280779     	0.313399
 72001 	28800       	0.279246     	0.311692
 72051 	28820       	0.280365     	0.311556
 72101 	28840       	0.280631     	0.312733
 72151 	28860       	0.279995     	0.311673
 72201 	28880       	0.279959     	0.313214
 72251 	28900       	0.281644     	0.31277
 72301 	28920       	0.280403     	0.312167
 72351 	28940       	0.280006     	0.311987
 72401 	28960       	0.280621     	0.312677
 72451 	28980       	0.280962     	0.313983
 72501 	29000       	0.281286     	0.312096
 72551 	29020       	0.279928     	0.312516
 72601 	29040       	0.280144     	0.313839
 72651 	29060       	0.280375     	0.311872
 72701 	29080       	0.280369     	0.312737
 72751 	29100       	0.280723     	0.312573
 72801 	29120       	0.279728     	0.31064
 72851 	29140       	0.281043     	0.31224
 72901 	29160       	0.280595     	0.312447
 72951 	29180       	0.28068     	0.312621
 73001 	29200       	0.280035     	0.312625
 73051 	29220       	0.279332     	0.311791
 73101 	29240       	0.280054     	0.311112
 73151 	29260       	0.280238     	0.312221
 73201 	29280       	0.280261     	0.312276
 73251 	29300       	0.279553     	0.311579
 73301 	29320       	0.280373     	0.312878
 73351 	29340       	0.279559     	0.312598
 73401 	29360       	0.279013     	0.311231
 73451 	29380       	0.280653     	0.312979
 73501 	29400       	0.27929     	0.312338
 73551 	29420       	0.280239     	0.311924
 73601 	29440       	0.280342     	0.311951
 73651 	29460       	0.280404     	0.311729
 73701 	29480       	0.279264     	0.312494
 73751 	29500       	0.280372     	0.313159
 73801 	29520       	0.281036     	0.31243
 73851 	29540       	0.280326     	0.31206
 73901 	29560       	0.280182     	0.31333
 73951 	29580       	0.280821     	0.312629
 74001 	29600       	0.280139     	0.312862
 74051 	29620       	0.280372     	0.31259
 74101 	29640       	0.280214     	0.313646
 74151 	29660       	0.280264     	0.312019
 74201 	29680       	0.280229     	0.312327
 74251 	29700       	0.280405     	0.31203
 74301 	29720       	0.280147     	0.31239
 74351 	29740       	0.280671     	0.31373
 74401 	29760       	0.280195     	0.312909
 74451 	29780       	0.280373     	0.313204
 74501 	29800       	0.280615     	0.312045
 74551 	29820       	0.280325     	0.312035
 74601 	29840       	0.280835     	0.312057
 74651 	29860       	0.280163     	0.311474
 74701 	29880       	0.27975     	0.311862
 74751 	29900       	0.280258     	0.31212
 74801 	29920       	0.280373     	0.313313
 74851 	29940       	0.279671     	0.31219
 74901 	29960       	0.280376     	0.312703
 74951 	29980       	0.28074     	0.312573
 75001 	30000       	0.279888     	0.311734
 75051 	30020       	0.28053     	0.312333
 75101 	30040       	0.281006     	0.312752
 75151 	30060       	0.279938     	0.312432
 75201 	30080       	0.279761     	0.311493
 75251 	30100       	0.281694     	0.313814
 75301 	30120       	0.280344     	0.312238
 75351 	30140       	0.280311     	0.312906
 75401 	30160       	0.280734     	0.312975
 75451 	30180       	0.280324     	0.311654
 75501 	30200       	0.280543     	0.311996
 75551 	30220       	0.278727     	0.312288
 75601 	30240       	0.28006     	0.311205
 75651 	30260       	0.280215     	0.313843
 75701 	30280       	0.279861     	0.312201
 75751 	30300       	0.279887     	0.312167
 75801 	30320       	0.280736     	0.312475
 75851 	30340       	0.280867     	0.312106
 75901 	30360       	0.279777     	0.311604
 75951 	30380       	0.279468     	0.312254
 76001 	30400       	0.279455     	0.311422
 76051 	30420       	0.28105     	0.312693
 76101 	30440       	0.280025     	0.312395
 76151 	30460       	0.280791     	0.31283
 76201 	30480       	0.280275     	0.312626
 76251 	30500       	0.280636     	0.31093
 76301 	30520       	0.281146     	0.312224
 76351 	30540       	0.279014     	0.31193
 76401 	30560       	0.280534     	0.313283
 76451 	30580       	0.279711     	0.311986
 76501 	30600       	0.279552     	0.311462
 76551 	30620       	0.280104     	0.312064
 76601 	30640       	0.279474     	0.311745
 76651 	30660       	0.280372     	0.312653
 76701 	30680       	0.279943     	0.312425
 76751 	30700       	0.279926     	0.312574
 76801 	30720       	0.280144     	0.311651
 76851 	30740       	0.280255     	0.311936
 76901 	30760       	0.280492     	0.312611
 76951 	30780       	0.278102     	0.311461
 77001 	30800       	0.279648     	0.312794
 77051 	30820       	0.281586     	0.312617
 77101 	30840       	0.280229     	0.312888
 77151 	30860       	0.279958     	0.313464
 77201 	30880       	0.280787     	0.312648
 77251 	30900       	0.278901     	0.311301
 77301 	30920       	0.279141     	0.31097
 77351 	30940       	0.279749     	0.311534
 77401 	30960       	0.280678     	0.312884
 77451 	30980       	0.279907     	0.311806
 77501 	31000       	0.280595     	0.312608
 77551 	31020       	0.280344     	0.312933
 77601 	31040       	0.280578     	0.311676
 77651 	31060       	0.279903     	0.31216
 77701 	31080       	0.280356     	0.312936
 77751 	31100       	0.280598     	0.311484
 77801 	31120       	0.279643     	0.31123
 77851 	31140       	0.280864     	0.313264
 77901 	31160       	0.27948     	0.312778
 77951 	31180       	0.280063     	0.313056
 78001 	31200       	0.27951     	0.312429
 78051 	31220       	0.279386     	0.311249
 78101 	31240       	0.280001     	0.314129
 78151 	31260       	0.279137     	0.312213
 78201 	31280       	0.279839     	0.312683
 78251 	31300       	0.280347     	0.312027
 78301 	31320       	0.280266     	0.311665
 78351 	31340       	0.279668     	0.311548
 78401 	31360       	0.280318     	0.312216
 78451 	31380       	0.27931     	0.312292
 78501 	31400       	0.280096     	0.310733
 78551 	31420       	0.279771     	0.311226
 78601 	31440       	0.280363     	0.31142
 78651 	31460       	0.278809     	0.311514
 78701 	31480       	0.279904     	0.311965
 78751 	31500       	0.280378     	0.311652
 78801 	31520       	0.280232     	0.311198
 78851 	31540       	0.2792     	0.312465
 78901 	31560       	0.279637     	0.312249
 78951 	31580       	0.280069     	0.310726
 79001 	31600       	0.279789     	0.312143
 79051 	31620       	0.280539     	0.311941
 79101 	31640       	0.278913     	0.312737
 79151 	31660       	0.280769     	0.312757
 79201 	31680       	0.279217     	0.312662
 79251 	31700       	0.279429     	0.311868
 79301 	31720       	0.280126     	0.311052
 79351 	31740       	0.280152     	0.312977
 79401 	31760       	0.279604     	0.311849
 79451 	31780       	0.279388     	0.312364
 79501 	31800       	0.280386     	0.312327
 79551 	31820       	0.280691     	0.311918
 79601 	31840       	0.280274     	0.3112
 79651 	31860       	0.279753     	0.313151
 79701 	31880       	0.279993     	0.311784
 79751 	31900       	0.280676     	0.312946
 79801 	31920       	0.279731     	0.312168
 79851 	31940       	0.279103     	0.311683
 79901 	31960       	0.279622     	0.312112
 79951 	31980       	0.279587     	0.312308
 80001 	32000       	0.280103     	0.311518
 80051 	32020       	0.279032     	0.311978
 80101 	32040       	0.279716     	0.312787
 80151 	32060       	0.278952     	0.312859
 80201 	32080       	0.280038     	0.312998
 80251 	32100       	0.280889     	0.312209
 80301 	32120       	0.279913     	0.310553
 80351 	32140       	0.279605     	0.31244
 80401 	32160       	0.28     	0.312377
 80451 	32180       	0.279389     	0.312284
 80501 	32200       	0.279377     	0.312794
 80551 	32220       	0.279434     	0.311223
 80601 	32240       	0.279795     	0.311448
 80651 	32260       	0.280022     	0.311078
 80701 	32280       	0.279733     	0.311294
 80751 	32300       	0.28026     	0.310928
 80801 	32320       	0.279037     	0.311731
 80851 	32340       	0.280102     	0.312244
 80901 	32360       	0.279693     	0.312734
 80951 	32380       	0.279805     	0.31184
 81001 	32400       	0.279163     	0.311817
 81051 	32420       	0.280167     	0.311531
 81101 	32440       	0.280299     	0.311609
 81151 	32460       	0.279952     	0.312162
 81201 	32480       	0.279761     	0.312271
 81251 	32500       	0.279648     	0.312312
 81301 	32520       	0.27939     	0.311509
 81351 	32540       	0.279867     	0.312657
 81401 	32560       	0.278935     	0.312164
 81451 	32580       	0.280082     	0.312797
 81501 	32600       	0.280043     	0.312212
 81551 	32620       	0.279683     	0.311315
 81601 	32640       	0.27895     	0.31274
 81651 	32660       	0.279183     	0.312195
 81701 	32680       	0.279181     	0.311417
 81751 	32700       	0.279567     	0.311694
 81801 	32720       	0.280014     	0.31303
 81851 	32740       	0.27928     	0.311515
 81901 	32760       	0.279949     	0.312403
 81951 	32780       	0.279902     	0.311463
 82001 	32800       	0.279427     	0.311859
 82051 	32820       	0.279264     	0.310066
 82101 	32840       	0.279987     	0.310941
 82151 	32860       	0.278864     	0.311428
 82201 	32880       	0.280782     	0.31185
 82251 	32900       	0.278899     	0.311361
 82301 	32920       	0.279325     	0.311555
 82351 	32940       	0.280434     	0.311731
 82401 	32960       	0.280822     	0.312546
 82451 	32980       	0.279226     	0.311616
 82501 	33000       	0.27906     	0.312959
 82551 	33020       	0.279402     	0.311762
 82601 	33040       	0.278788     	0.312279
 82651 	33060       	0.280079     	0.312674
 82701 	33080       	0.279608     	0.311767
 82751 	33100       	0.278943     	0.310689
 82801 	33120       	0.27928     	0.311648
 82851 	33140       	0.278841     	0.311981
 82901 	33160       	0.27914     	0.311403
 82951 	33180       	0.279329     	0.311262
 83001 	33200       	0.278799     	0.310884
 83051 	33220       	0.280536     	0.313736
 83101 	33240       	0.27919     	0.312565
 83151 	33260       	0.278902     	0.3111
 83201 	33280       	0.280003     	0.310583
 83251 	33300       	0.279105     	0.311
 83301 	33320       	0.279225     	0.311552
 83351 	33340       	0.278723     	0.31138
 83401 	33360       	0.279427     	0.311161
 83451 	33380       	0.278613     	0.310611
 83501 	33400       	0.279468     	0.311639
 83551 	33420       	0.279172     	0.311167
 83601 	33440       	0.281073     	0.313307
 83651 	33460       	0.278505     	0.310884
 83701 	33480       	0.279056     	0.312247
 83751 	33500       	0.278846     	0.311852
 83801 	33520       	0.279396     	0.312064
 83851 	33540       	0.279146     	0.311959
 83901 	33560       	0.279584     	0.311463
 83951 	33580       	0.279656     	0.31087
 84001 	33600       	0.280411     	0.311129
 84051 	33620       	0.279508     	0.310887
 84101 	33640       	0.279508     	0.312576
 84151 	33660       	0.279194     	0.311051
 84201 	33680       	0.279033     	0.311786
 84251 	33700       	0.2797     	0.311545
 84301 	33720       	0.280175     	0.312906
 84351 	33740       	0.278783     	0.311168
 84401 	33760       	0.279966     	0.312547
 84451 	33780       	0.279566     	0.311657
 84501 	33800       	0.278676     	0.3108
 84551 	33820       	0.279841     	0.310979
 84601 	33840       	0.279192     	0.312015
 84651 	33860       	0.278548     	0.311709
 84701 	33880       	0.279578     	0.310193
 84751 	33900       	0.279189     	0.309753
 84801 	33920       	0.278795     	0.311331
 84851 	33940       	0.279575     	0.312314
 84901 	33960       	0.279477     	0.311499
 84951 	33980       	0.279679     	0.311471
 85001 	34000       	0.27932     	0.311875
 85051 	34020       	0.279738     	0.311072
 85101 	34040       	0.27953     	0.310603
 85151 	34060       	0.278858     	0.310648
 85201 	34080       	0.278943     	0.310863
 85251 	34100       	0.280117     	0.311307
 85301 	34120       	0.279988     	0.311396
 85351 	34140       	0.279764     	0.31272
 85401 	34160       	0.279368     	0.311788
 85451 	34180       	0.279564     	0.312075
 85501 	34200       	0.278515     	0.311251
 85551 	34220       	0.280697     	0.312247
 85601 	34240       	0.279385     	0.3114
 85651 	34260       	0.279048     	0.311819
 85701 	34280       	0.278259     	0.311117
 85751 	34300       	0.279643     	0.311049
 85801 	34320       	0.279156     	0.311183
 85851 	34340       	0.279808     	0.311603
 85901 	34360       	0.279175     	0.310397
 85951 	34380       	0.279513     	0.311654
 86001 	34400       	0.279141     	0.311334
 86051 	34420       	0.279269     	0.311157
 86101 	34440       	0.2797     	0.312306
 86151 	34460       	0.280754     	0.311741
 86201 	34480       	0.280249     	0.311701
 86251 	34500       	0.279521     	0.312223
 86301 	34520       	0.279525     	0.312083
 86351 	34540       	0.27901     	0.311084
 86401 	34560       	0.279644     	0.310299
 86451 	34580       	0.279357     	0.311778
 86501 	34600       	0.27928     	0.311821
 86551 	34620       	0.279069     	0.311459
 86601 	34640       	0.280008     	0.310565
 86651 	34660       	0.279166     	0.310252
 86701 	34680       	0.279434     	0.311284
 86751 	34700       	0.280148     	0.311372
 86801 	34720       	0.278731     	0.311345
 86851 	34740       	0.279467     	0.311455
 86901 	34760       	0.280296     	0.31154
 86951 	34780       	0.279818     	0.311877
 87001 	34800       	0.278971     	0.310653
 87051 	34820       	0.279359     	0.311915
 87101 	34840       	0.279136     	0.311748
 87151 	34860       	0.279379     	0.311547
 87201 	34880       	0.279421     	0.310902
 87251 	34900       	0.280315     	0.311659
 87301 	34920       	0.279386     	0.311048
 87351 	34940       	0.280293     	0.31256
 87401 	34960       	0.279635     	0.311173
 87451 	34980       	0.278932     	0.309504
 87501 	35000       	0.279283     	0.3124
 87551 	35020       	0.27889     	0.311337
 87601 	35040       	0.278994     	0.309806
 87651 	35060       	0.279336     	0.311266
 87701 	35080       	0.279007     	0.311306
 87751 	35100       	0.279166     	0.31173
 87801 	35120       	0.279294     	0.311189
 87851 	35140       	0.279975     	0.311351
 87901 	35160       	0.277902     	0.311304
 87951 	35180       	0.279032     	0.310889
 88001 	35200       	0.279074     	0.31165
 88051 	35220       	0.278366     	0.311155
 88101 	35240       	0.279311     	0.311711
 88151 	35260       	0.27993     	0.312962
 88201 	35280       	0.278664     	0.311901
 88251 	35300       	0.279013     	0.310504
 88301 	35320       	0.278299     	0.31072
 88351 	35340       	0.278555     	0.311328
 88401 	35360       	0.279425     	0.310584
 88451 	35380       	0.278685     	0.311417
 88501 	35400       	0.279183     	0.310865
 88551 	35420       	0.280055     	0.310583
 88601 	35440       	0.278499     	0.310621
 88651 	35460       	0.279563     	0.310873
 88701 	35480       	0.279197     	0.310228
 88751 	35500       	0.279967     	0.310733
 88801 	35520       	0.27911     	0.311388
 88851 	35540       	0.278971     	0.311428
 88901 	35560       	0.278429     	0.311384
 88951 	35580       	0.278726     	0.312062
 89001 	35600       	0.27803     	0.310579
 89051 	35620       	0.279525     	0.310622
 89101 	35640       	0.279534     	0.311437
 89151 	35660       	0.280024     	0.311681
 89201 	35680       	0.27901     	0.310909
 89251 	35700       	0.278359     	0.31152
 89301 	35720       	0.278559     	0.310271
 89351 	35740       	0.280303     	0.311056
 89401 	35760       	0.278709     	0.310994
 89451 	35780       	0.278767     	0.312604
 89501 	35800       	0.278506     	0.311804
 89551 	35820       	0.27924     	0.310936
 89601 	35840       	0.279061     	0.310471
 89651 	35860       	0.27844     	0.312566
 89701 	35880       	0.278918     	0.311526
 89751 	35900       	0.279035     	0.311757
 89801 	35920       	0.277877     	0.310271
 89851 	35940       	0.278888     	0.31245
 89901 	35960       	0.278781     	0.312193
 89951 	35980       	0.278334     	0.31189
 90001 	36000       	0.278933     	0.311093
 90051 	36020       	0.279338     	0.312278
 90101 	36040       	0.279282     	0.311404
 90151 	36060       	0.279635     	0.312106
 90201 	36080       	0.279145     	0.311195
 90251 	36100       	0.278696     	0.3116
 90301 	36120       	0.27844     	0.31119
 90351 	36140       	0.279792     	0.311811
 90401 	36160       	0.278758     	0.311982
 90451 	36180       	0.278773     	0.311755
 90501 	36200       	0.279563     	0.311382
 90551 	36220       	0.278888     	0.310926
 90601 	36240       	0.279329     	0.311555
 90651 	36260       	0.278606     	0.312135
 90701 	36280       	0.280152     	0.312515
 90751 	36300       	0.278504     	0.309471
 90801 	36320       	0.279204     	0.3104
 90851 	36340       	0.279167     	0.311533
 90901 	36360       	0.279197     	0.311118
 90951 	36380       	0.278623     	0.310549
 91001 	36400       	0.279531     	0.311888
 91051 	36420       	0.278396     	0.312231
 91101 	36440       	0.277943     	0.311589
 91151 	36460       	0.278829     	0.311116
 91201 	36480       	0.279112     	0.311844
 91251 	36500       	0.279552     	0.311847
 91301 	36520       	0.27875     	0.311582
 91351 	36540       	0.278316     	0.310784
 91401 	36560       	0.279443     	0.311289
 91451 	36580       	0.278293     	0.310106
 91501 	36600       	0.279153     	0.311753
 91551 	36620       	0.278978     	0.311261
 91601 	36640       	0.278417     	0.310151
 91651 	36660       	0.27834     	0.308944
 91701 	36680       	0.278893     	0.31083
 91751 	36700       	0.278555     	0.311155
 91801 	36720       	0.279756     	0.311916
 91851 	36740       	0.277767     	0.310154
 91901 	36760       	0.279311     	0.311738
 91951 	36780       	0.280011     	0.311408
 92001 	36800       	0.278741     	0.311139
 92051 	36820       	0.27846     	0.310256
 92101 	36840       	0.278929     	0.3112
 92151 	36860       	0.27936     	0.31214
 92201 	36880       	0.280146     	0.312353
 92251 	36900       	0.277007     	0.310469
 92301 	36920       	0.278521     	0.310698
 92351 	36940       	0.27934     	0.311105
 92401 	36960       	0.278006     	0.311528
 92451 	36980       	0.278407     	0.309801
 92501 	37000       	0.278695     	0.311993
 92551 	37020       	0.278599     	0.312297
 92601 	37040       	0.279306     	0.311639
 92651 	37060       	0.278926     	0.310915
 92701 	37080       	0.278066     	0.311352
 92751 	37100       	0.27829     	0.310985
 92801 	37120       	0.277805     	0.31046
 92851 	37140       	0.278938     	0.311927
 92901 	37160       	0.278979     	0.310273
 92951 	37180       	0.279307     	0.311155
 93001 	37200       	0.277876     	0.310917
 93051 	37220       	0.278839     	0.311865
 93101 	37240       	0.279161     	0.312155
 93151 	37260       	0.279121     	0.310629
 93201 	37280       	0.279955     	0.311989
 93251 	37300       	0.278798     	0.310299
 93301 	37320       	0.279092     	0.311073
 93351 	37340       	0.277976     	0.309834
 93401 	37360       	0.27835     	0.310336
 93451 	37380       	0.279553     	0.310069
 93501 	37400       	0.278977     	0.310181
 93551 	37420       	0.278974     	0.311851
 93601 	37440       	0.27882     	0.311144
 93651 	37460       	0.279324     	0.311474
 93701 	37480       	0.279074     	0.311304
 93751 	37500       	0.278587     	0.309628
 93801 	37520       	0.279145     	0.312057
 93851 	37540       	0.279313     	0.310411
 93901 	37560       	0.279742     	0.311166
 93951 	37580       	0.278684     	0.310271
 94001 	37600       	0.279535     	0.31175
 94051 	37620       	0.278478     	0.311089
 94101 	37640       	0.280383     	0.311823
 94151 	37660       	0.279182     	0.310307
 94201 	37680       	0.279462     	0.311109
 94251 	37700       	0.278218     	0.311118
 94301 	37720       	0.278831     	0.310581
 94351 	37740       	0.278911     	0.309769
 94401 	37760       	0.278714     	0.311337
 94451 	37780       	0.277937     	0.310391
 94501 	37800       	0.279288     	0.310432
 94551 	37820       	0.278591     	0.310906
 94601 	37840       	0.278874     	0.311067
 94651 	37860       	0.278236     	0.312236
 94701 	37880       	0.277804     	0.309752
 94751 	37900       	0.278802     	0.311997
 94801 	37920       	0.278557     	0.310941
 94851 	37940       	0.278965     	0.312045
 94901 	37960       	0.278432     	0.311148
 94951 	37980       	0.279767     	0.311842
 95001 	38000       	0.278362     	0.310676
 95051 	38020       	0.278578     	0.310901
 95101 	38040       	0.278453     	0.310603
 95151 	38060       	0.279123     	0.310384
 95201 	38080       	0.27916     	0.310576
 95251 	38100       	0.278438     	0.310091
 95301 	38120       	0.278906     	0.311122
 95351 	38140       	0.279475     	0.310185
 95401 	38160       	0.27885     	0.311126
 95451 	38180       	0.279098     	0.311953
 95501 	38200       	0.278559     	0.310066
 95551 	38220       	0.279585     	0.310853
 95601 	38240       	0.279724     	0.312062
 95651 	38260       	0.279064     	0.31045
 95701 	38280       	0.278311     	0.311379
 95751 	38300       	0.278804     	0.311043
 95801 	38320       	0.279148     	0.311696
 95851 	38340       	0.278328     	0.310309
 95901 	38360       	0.27898     	0.311104
 95951 	38380       	0.278843     	0.310484
 96001 	38400       	0.278837     	0.311836
 96051 	38420       	0.279021     	0.310136
 96101 	38440       	0.278544     	0.310587
 96151 	38460       	0.279084     	0.311186
 96201 	38480       	0.279817     	0.311994
 96251 	38500       	0.278237     	0.310819
 96301 	38520       	0.278661     	0.310574
 96351 	38540       	0.278209     	0.310755
 96401 	38560       	0.279344     	0.311543
 96451 	38580       	0.278032     	0.312805
 96501 	38600       	0.278228     	0.310664
 96551 	38620       	0.278043     	0.311058
 96601 	38640       	0.277534     	0.310597
 96651 	38660       	0.279345     	0.31139
 96701 	38680       	0.278626     	0.311739
 96751 	38700       	0.278615     	0.311361
 96801 	38720       	0.279176     	0.311489
 96851 	38740       	0.279618     	0.310458
 96901 	38760       	0.278409     	0.310421
 96951 	38780       	0.278739     	0.310742
 97001 	38800       	0.278507     	0.310988
 97051 	38820       	0.278943     	0.311206
 97101 	38840       	0.278024     	0.310076
 97151 	38860       	0.279649     	0.311344
 97201 	38880       	0.279437     	0.31184
 97251 	38900       	0.27827     	0.312544
 97301 	38920       	0.278958     	0.311384
 97351 	38940       	0.27908     	0.310738
 97401 	38960       	0.278182     	0.310757
 97451 	38980       	0.279085     	0.311494
 97501 	39000       	0.279194     	0.311273
 97551 	39020       	0.278665     	0.31097
 97601 	39040       	0.279135     	0.311059
 97651 	39060       	0.278397     	0.311399
 97701 	39080       	0.279687     	0.31059
 97751 	39100       	0.279084     	0.311017
 97801 	39120       	0.278843     	0.310918
 97851 	39140       	0.277875     	0.311955
 97901 	39160       	0.278417     	0.311135
 97951 	39180       	0.277672     	0.31046
 98001 	39200       	0.279197     	0.311338
 98051 	39220       	0.278003     	0.31042
 98101 	39240       	0.279218     	0.310858
 98151 	39260       	0.278738     	0.310899
 98201 	39280       	0.278676     	0.310617
 98251 	39300       	0.278548     	0.310961
 98301 	39320       	0.278189     	0.310952
 98351 	39340       	0.278495     	0.311817
 98401 	39360       	0.277979     	0.311024
 98451 	39380       	0.278367     	0.311401
 98501 	39400       	0.279151     	0.311058
 98551 	39420       	0.278787     	0.309973
 98601 	39440       	0.277012     	0.310383
 98651 	39460       	0.279888     	0.311117
 98701 	39480       	0.278982     	0.311497
 98751 	39500       	0.27853     	0.310684
 98801 	39520       	0.278061     	0.309656
 98851 	39540       	0.27964     	0.310997
 98901 	39560       	0.278561     	0.311954
 98951 	39580       	0.277492     	0.310317
 99001 	39600       	0.277953     	0.310215
 99051 	39620       	0.279152     	0.311794
 99101 	39640       	0.278362     	0.309664
 99151 	39660       	0.279479     	0.312292
 99201 	39680       	0.279414     	0.311924
 99251 	39700       	0.278957     	0.311093
 99301 	39720       	0.278505     	0.310797
 99351 	39740       	0.278599     	0.311029
 99401 	39760       	0.279334     	0.311508
 99451 	39780       	0.278645     	0.310266
 99501 	39800       	0.278226     	0.311219
 99551 	39820       	0.279334     	0.310498
 99601 	39840       	0.278582     	0.311037
 99651 	39860       	0.279199     	0.311466
 99701 	39880       	0.279107     	0.309974
 99751 	39900       	0.279175     	0.310866
 99801 	39920       	0.27885     	0.310527
 99851 	39940       	0.278934     	0.310802
 99901 	39960       	0.279019     	0.309853
 99951 	39980       	0.27919     	0.31091