6.115159188653622    1952.0387376982562
6.218552717452299    1653.8990488162256
6.323694397274956    1368.5062545649364
6.5759903170768945    959.4119894319674
6.762341319550599    739.4258028336782
6.953973153419808    611.8322860690073
7.071549131627769    518.3856326323621
7.231415253369497    428.9342696228952
7.394895459720556    354.9184160885262
7.604452669458011    293.6745580844687
7.8199483301704875    237.31289467578523
7.996733471374378    201.06751121082394
8.269432910799672    162.4788794164871
8.503772841139098    134.44191946014698
8.647552431338339    119.4320323381181
8.8430471728757    103.61536579314252
9.042961453267806    89.89333781118413
9.351338683530402    74.38156224007453
9.67023199490602    61.546460905646036
10    52.14631819749672
10.226069449233862    46.32439633624386
10.457249638055414    41.15246809544494
10.874461674293062    34.8671501876811
11.245295542052547    30.24961101417976
11.49951731901893    26.872366411965427
11.958312623948665    23.313595364603714
12.505106035854066    18.83927854479906
12.85947685050837    17.13693549280235
13.372530349989443    14.867450590083292
13.983988816231214    12.596708207878809
14.460861770014978    11.458452374741695
14.953996737237034    10.423050900083751
15.463948274575355    9.481209722982834
15.991289849841541    8.624474606610805
16.722490999429468    7.661587503749956
17.38966685946135    6.969275947165736
18.286724512024023    6.339522612509475
19.230057486507743    5.766674653033819
20.335386314762232    5.371271694711168
21.384400885248414    5.002980288341273
22.74029616254706    4.659941479068531
23.91336962387422    4.5509041266728865
25.287891610847936    4.340423774794238
26.741420058324298    4.1396781871061386
28.436981479937632    4.1396781871061386
30.409530060140902    3.9482171285486354
31.978226106577367    4.04281440645148
33.440429337866036    4.04281440645148
34.77459942078533    4.1396781871061386
36.364666720652934    4.1396781871061386
38.027439790255364    4.238862774767847
39.98911083012667    4.340423774794238
42.52465282678575    4.4444181248190615
44.46909103813374    4.5509041266728865
47.02513999041633    4.885916216361263
50.28706753316195    5.122849156052864
54.68447886019567    5.499964637539026
60.47186990986745    5.904841249998267
67.24653367991773    6.491414355749879
73.12698532313226    6.969275947165736
78.1994833017049    7.307237337529833
84.0925034211003    7.661587503749956
90.93642235539986    8.422671669571294
96.16337756540237    8.83111263956707
103.41013540593129    9.259360154625487
113.08319185125497    9.940982423131977
122.28653538814893    10.92849634387632
135.98629631986591    12.014107585605224
146.2340619871048    12.596708207878809
159.91289849841542    13.848035710670603
174.87126295116872    14.867450590083292
191.22884328458227    16.34434832501162
213.84400885248414    17.967957623312575
233.8471271155488    19.29065809409108
254.29616214615734    21.206946907147135
284.3698147993763    23.872177273301936
314.46536211499085    26.243583475671542
351.654763606152    29.54180437952577
382.4056249417691    31.716506667878637
415.8455312463351    34.8671501876811
459.85547256320933    38.330771258662814
505.68898649431264    42.13846033803562
549.9095502744506    45.24045793261395
614.9431263460255    50.92615341667801
695.3973153419804    57.32641136572989
768.9929000976653    63.021082862004334
855.1431770360581    70.94139805339881
956.2743882108908    79.85711652703132
51190.23165465464     3700
89127.6546546545     6570	
